0 1
0 2
0 6
0 31
0 33
0 36
0 37
0 39
0 41
0 54
0 60
0 74
0 78
0 79
0 80
0 81
0 93
0 94
0 100
0 116
0 118
0 125
0 140
0 144
0 146
0 158
0 159
0 171
0 188
1 22
1 35
1 54
1 159
1 171
2 19
2 33
2 61
2 84
2 89
2 119
2 127
2 136
2 137
2 166
2 179
3 27
3 31
3 93
3 116
3 158
4 5
4 30
4 34
4 39
4 65
4 66
4 68
4 73
4 80
4 86
4 99
4 100
4 101
4 116
4 129
4 131
4 152
4 153
4 159
4 182
5 1
5 10
5 16
5 30
5 34
5 35
5 39
5 54
5 60
5 73
5 74
5 91
5 100
5 116
5 122
5 146
5 153
5 154
5 158
5 159
5 189
6 7
6 9
6 11
6 18
6 21
6 27
6 30
6 33
6 39
6 63
6 65
6 66
6 74
6 78
6 80
6 89
6 91
6 93
6 94
6 99
6 100
6 102
6 106
6 116
6 119
6 126
6 129
6 146
6 151
6 152
6 153
6 156
6 157
6 160
6 188
7 16
7 35
7 40
7 49
7 54
7 73
7 81
7 146
7 154
7 186
8 43
8 55
8 65
8 89
8 100
8 107
8 119
8 127
8 136
8 137
8 179
9 4
9 15
9 27
9 31
9 35
9 36
9 39
9 55
9 64
9 71
9 73
9 74
9 93
9 99
9 100
9 104
9 111
9 113
9 116
9 126
9 129
9 131
9 146
9 152
9 153
9 154
9 157
9 158
9 159
9 162
9 186
10 4
10 12
10 19
10 33
10 39
10 41
10 65
10 83
10 86
10 89
10 119
10 152
10 158
10 162
10 168
11 27
11 33
11 35
11 41
11 57
11 58
11 64
11 74
11 83
11 89
11 106
11 111
11 116
11 119
11 129
11 151
11 170
11 185
12 3
12 4
12 11
12 33
12 37
12 64
12 80
12 89
12 108
12 119
12 121
12 125
12 150
12 151
12 152
12 158
13 19
13 33
13 78
13 89
13 100
13 119
13 128
13 137
13 179
13 185
14 6
14 19
14 25
14 30
14 33
14 34
14 41
14 58
14 61
14 71
14 74
14 79
14 90
14 100
14 116
14 119
14 133
14 143
14 146
14 161
14 168
14 174
14 179
15 5
15 25
15 27
15 33
15 65
15 74
15 84
15 89
15 100
15 108
15 116
15 119
15 125
15 136
15 157
15 185
16 30
16 36
16 74
16 102
16 111
16 126
16 139
16 156
16 171
17 8
17 29
17 43
17 71
17 89
17 100
17 119
17 137
17 163
18 8
18 21
18 33
18 39
18 89
18 90
18 93
18 100
18 111
18 116
18 119
18 127
18 128
18 129
18 136
18 146
18 170
19 12
19 33
19 86
19 89
19 94
19 99
19 100
19 107
19 116
19 119
19 128
19 164
19 166
19 168
19 176
19 179
19 185
20 19
20 21
20 33
20 36
20 48
20 70
20 89
20 119
20 137
20 139
20 149
21 5
21 12
21 30
21 33
21 65
21 74
21 89
21 90
21 93
21 116
21 153
22 0
22 5
22 6
22 11
22 33
22 35
22 78
22 83
22 86
22 89
22 99
22 119
22 122
22 150
22 170
23 1
23 16
23 54
23 99
23 111
24 27
24 33
24 39
24 71
24 77
24 80
24 83
24 86
24 89
24 93
24 99
24 100
24 118
24 119
24 146
24 152
24 156
24 158
24 168
24 188
25 6
25 26
25 33
25 58
25 61
25 63
25 65
25 89
25 99
25 100
25 116
25 119
25 129
25 143
25 151
25 185
26 28
26 58
26 129
26 151
26 153
27 18
27 28
27 31
27 33
27 39
27 80
27 86
27 89
27 93
27 100
27 119
27 129
27 148
27 157
27 166
27 170
27 179
27 184
27 190
28 0
28 1
28 31
28 35
28 54
28 73
28 76
28 146
28 153
29 27
29 33
29 35
29 43
29 49
29 51
29 66
29 71
29 89
29 116
29 119
29 137
29 152
29 175
30 27
30 31
30 33
30 41
30 64
30 65
30 71
30 74
30 80
30 89
30 93
30 100
30 104
30 111
30 116
30 119
30 139
30 151
30 156
30 172
31 11
31 21
31 64
31 65
31 71
31 116
31 151
32 6
32 33
32 55
32 65
32 84
32 86
32 89
32 93
32 101
32 105
32 119
32 132
32 156
32 166
32 172
32 185
32 187
32 190
33 4
33 34
33 71
33 74
33 80
33 89
33 92
33 93
33 99
33 106
33 109
33 111
33 116
33 119
33 129
33 151
33 153
33 158
33 161
33 172
33 175
33 187
34 30
34 38
34 41
34 57
34 65
34 66
34 71
34 74
34 76
34 80
34 89
34 90
34 100
34 116
34 119
34 135
34 146
34 153
34 156
34 179
35 14
35 27
35 33
35 58
35 73
35 74
35 89
35 99
35 106
35 116
35 117
35 119
35 146
35 154
35 158
35 170
36 6
36 11
36 33
36 73
36 80
36 86
36 89
36 94
36 100
36 101
36 102
36 118
36 119
36 125
36 150
36 151
36 170
36 181
37 11
37 14
37 19
37 33
37 39
37 65
37 80
37 89
37 100
37 108
37 140
37 146
37 152
37 158
37 182
38 135
39 11
39 12
39 15
39 33
39 40
39 65
39 66
39 80
39 89
39 100
39 108
39 119
39 152
39 153
39 154
39 168
39 187
39 188
40 9
40 54
40 73
40 159
41 19
41 63
41 65
41 146
42 14
42 21
42 30
42 33
42 37
42 41
42 74
42 80
42 95
42 108
42 111
42 116
42 158
43 6
43 22
43 35
43 58
43 62
43 71
43 78
43 89
43 100
43 116
43 119
43 127
43 136
43 137
44 30
44 37
44 54
44 59
44 74
44 111
44 116
44 121
44 129
44 182
44 183
45 14
45 33
45 89
45 96
45 126
45 137
45 142
46 41
46 95
46 100
47 6
47 21
47 27
47 33
47 39
47 41
47 65
47 66
47 79
47 86
47 93
47 95
47 116
47 151
47 157
47 164
47 170
47 187
47 190
48 8
48 14
48 29
48 33
48 89
48 106
48 111
48 119
48 137
48 145
48 149
48 160
49 24
49 33
49 53
49 62
49 72
49 74
49 89
49 108
49 111
49 119
49 163
49 181
49 185
50 6
50 59
50 66
50 78
50 129
50 130
51 17
51 34
51 56
51 72
51 89
51 97
51 100
51 119
51 127
51 137
51 179
52 14
52 74
52 75
52 116
53 33
53 56
53 65
53 72
53 89
53 100
53 116
53 119
53 129
53 146
53 167
53 181
53 185
54 9
54 16
54 30
54 31
54 73
54 74
54 108
54 116
54 122
54 153
54 159
55 15
55 27
55 33
55 62
55 65
55 89
55 119
55 147
55 185
55 187
56 29
56 89
56 97
56 100
56 114
56 116
56 119
56 127
56 137
56 179
57 4
57 14
57 35
57 58
57 74
57 80
57 93
57 100
57 101
57 104
57 116
57 129
57 153
58 6
58 10
58 33
58 65
58 74
58 83
58 89
58 94
58 100
58 106
58 116
58 117
58 129
58 137
58 151
58 153
58 168
58 179
58 185
59 1
59 54
59 146
59 154
60 4
60 9
60 30
60 54
60 73
60 74
60 116
60 146
60 159
60 171
61 13
61 19
61 33
61 71
61 86
61 89
61 99
61 107
61 119
61 129
61 136
61 137
61 139
61 146
61 164
61 166
61 179
62 27
62 33
62 36
62 80
62 89
62 101
62 119
62 147
62 163
62 185
63 11
63 12
63 19
63 33
63 61
63 64
63 65
63 77
63 89
63 93
63 99
63 119
63 127
63 146
63 154
63 168
63 188
64 33
64 41
64 89
64 100
64 119
64 151
64 152
64 168
64 188
65 24
65 27
65 36
65 64
65 66
65 80
65 86
65 94
65 100
65 105
65 108
65 116
65 150
65 151
65 152
65 158
65 170
65 179
66 19
66 22
66 25
66 33
66 35
66 37
66 58
66 67
66 74
66 78
66 80
66 86
66 89
66 99
66 100
66 108
66 116
66 118
66 119
66 126
66 142
66 143
66 150
66 152
66 158
66 162
66 185
66 188
67 7
67 35
67 54
67 73
67 81
67 99
67 146
67 154
68 57
68 131
68 156
68 158
69 21
69 30
69 33
69 80
69 89
69 92
69 93
69 100
69 109
69 111
69 116
69 119
69 129
69 145
69 151
69 153
69 158
69 160
69 166
69 170
69 172
69 185
69 186
69 190
70 89
70 96
70 115
70 119
70 137
71 11
71 21
71 39
71 41
71 58
71 64
71 74
71 78
71 89
71 90
71 104
71 106
71 111
71 116
71 121
71 151
71 153
71 158
71 159
71 166
71 170
71 172
71 179
71 190
72 27
72 33
72 65
72 80
72 84
72 89
72 100
72 119
72 185
72 187
73 14
73 41
73 58
73 74
73 76
73 80
73 81
73 100
73 154
73 155
73 156
73 159
73 189
74 31
74 77
74 80
74 89
74 90
74 99
74 100
74 101
74 104
74 108
74 111
74 116
74 119
74 121
74 159
74 188
75 0
75 1
75 5
75 6
75 35
75 58
75 73
75 74
75 116
75 117
75 121
75 146
75 152
75 159
76 31
76 41
76 76
77 6
77 33
77 39
77 65
77 80
77 83
77 86
77 89
77 100
77 119
77 152
77 164
77 166
77 168
77 188
78 9
78 16
78 33
78 35
78 54
78 83
78 89
78 119
78 127
78 129
78 130
78 153
78 154
78 159
78 162
78 172
78 179
78 185
79 33
79 73
79 83
79 89
79 96
79 100
79 108
79 115
79 119
79 126
79 140
79 146
79 185
80 9
80 11
80 31
80 89
80 93
80 94
80 100
80 102
80 108
80 111
80 116
80 121
80 144
80 151
80 156
80 158
80 168
80 172
80 181
81 1
81 9
81 35
81 39
81 40
81 54
81 80
81 100
81 154
83 33
83 41
83 74
83 89
83 126
83 127
83 143
83 146
83 150
83 179
83 185
84 21
84 30
84 33
84 65
84 80
84 89
84 102
84 111
84 119
84 121
84 150
84 151
84 156
84 158
84 166
84 185
85 21
85 29
85 39
85 71
85 89
85 92
85 100
85 114
85 119
85 137
85 145
86 12
86 33
86 39
86 89
86 99
86 119
86 152
86 159
86 164
86 168
86 177
86 185
86 188
87 4
87 5
87 12
87 41
87 86
87 111
87 116
87 125
87 130
87 131
87 154
87 188
88 30
88 41
89 90
89 92
89 93
89 94
89 96
89 97
89 99
89 102
89 105
89 106
89 107
89 108
89 109
89 111
89 114
89 115
89 116
89 118
89 119
89 121
89 126
89 127
89 128
89 129
89 132
89 133
89 134
89 136
89 137
89 139
89 140
89 142
89 143
89 144
89 145
89 147
89 148
89 149
89 150
89 151
89 152
89 153
89 157
89 158
89 160
89 161
89 162
89 163
89 164
89 166
89 167
89 168
89 170
89 172
89 173
89 174
89 175
89 176
89 177
89 178
89 179
89 181
89 185
89 186
89 187
89 188
89 190
90 6
90 24
90 33
90 39
90 65
90 80
90 93
90 94
90 100
90 116
90 119
90 151
90 153
91 7
91 14
91 16
91 54
91 74
91 80
91 90
91 153
91 170
91 181
92 32
92 35
92 57
92 58
92 66
92 84
92 100
92 116
92 121
92 185
92 186
92 187
93 31
93 65
93 74
93 99
93 106
93 111
93 116
93 119
93 146
93 153
93 156
93 158
93 179
94 11
94 30
94 33
94 39
94 100
94 108
94 118
94 119
94 125
94 161
94 181
94 188
95 21
95 30
95 31
95 39
95 41
95 65
95 74
95 111
95 116
96 19
96 33
96 80
96 119
96 137
97 71
97 100
97 114
97 119
97 137
97 167
98 0
98 1
98 5
98 54
98 140
98 159
99 5
99 119
99 152
99 153
99 154
99 156
99 158
99 159
99 164
99 173
99 185
100 21
100 33
100 41
100 71
100 86
100 106
100 108
100 115
100 116
100 118
100 119
100 126
100 127
100 128
100 129
100 140
100 144
100 152
100 156
100 170
100 179
100 188
101 6
101 30
101 33
101 34
101 39
101 66
101 80
101 93
101 100
101 108
101 152
101 156
101 168
101 170
101 188
102 24
102 27
102 30
102 33
102 39
102 83
102 86
102 109
102 111
102 113
102 116
102 119
102 144
102 156
102 158
102 161
102 172
103 30
103 54
103 74
103 111
103 116
104 31
104 65
104 156
105 33
105 80
105 100
105 119
105 132
105 133
105 146
105 147
105 179
105 185
106 74
106 151
106 153
106 179
106 185
107 15
107 22
107 35
107 58
107 78
107 86
107 90
107 100
107 116
107 119
107 127
107 133
107 134
107 137
107 179
108 11
108 30
108 33
108 86
108 118
108 119
108 138
108 158
109 6
109 27
109 30
109 32
109 37
109 58
109 74
109 80
109 83
109 94
109 100
109 108
109 116
109 119
109 154
109 156
109 160
109 161
109 166
109 168
109 170
109 172
109 179
109 181
109 187
109 190
110 9
110 30
110 31
110 111
110 112
111 4
111 31
111 66
111 68
111 73
111 104
111 112
111 113
111 116
111 119
111 121
111 131
111 146
112 9
112 34
112 74
112 113
112 117
113 144
114 30
114 43
114 119
114 137
114 186
115 33
115 108
115 116
115 118
115 119
115 126
115 139
115 140
115 144
115 172
115 185
116 117
116 156
116 158
116 185
117 9
117 12
117 14
117 27
117 30
117 31
117 66
117 73
117 74
117 78
117 79
117 80
117 94
117 126
117 146
117 158
117 159
117 168
117 184
118 33
118 35
118 39
118 73
118 74
118 83
118 111
118 116
118 126
118 140
118 152
118 153
118 154
118 159
119 21
119 37
119 45
119 58
119 71
119 73
119 80
119 83
119 92
119 106
119 116
119 118
119 120
119 121
119 126
119 127
119 128
119 129
119 132
119 133
119 134
119 136
119 137
119 139
119 140
119 142
119 143
119 144
119 145
119 147
119 148
119 149
119 150
119 151
119 152
119 153
119 157
119 158
119 160
119 161
119 162
119 163
119 164
119 166
119 167
119 168
119 170
119 172
119 173
119 174
119 175
119 176
119 177
119 178
119 179
119 181
119 185
119 186
119 187
119 188
119 190
120 2
120 6
120 8
120 10
120 11
120 12
120 13
120 15
120 17
120 18
120 19
120 20
120 21
120 22
120 24
120 25
120 27
120 29
120 30
120 32
120 35
120 36
120 37
120 39
120 43
120 45
120 48
120 49
120 51
120 53
120 55
120 56
120 58
120 61
120 62
120 63
120 64
120 66
120 69
120 70
120 71
120 72
120 74
120 77
120 78
120 79
120 80
120 83
120 84
120 85
120 86
120 90
120 92
120 93
120 94
120 96
120 97
120 99
120 102
120 105
120 106
120 107
120 108
120 109
120 111
120 114
120 115
120 116
120 118
120 121
120 126
120 127
120 128
120 129
120 132
120 133
120 134
120 136
120 137
120 139
120 140
120 142
120 143
120 144
120 145
120 147
120 148
120 149
120 150
120 151
120 152
120 153
120 157
120 158
120 160
120 161
120 162
120 163
120 164
120 166
120 167
120 168
120 170
120 172
120 173
120 174
120 175
120 176
120 177
120 178
120 179
120 181
120 185
120 186
120 187
120 188
120 190
121 3
121 4
121 16
121 27
121 30
121 33
121 57
121 65
121 86
121 106
121 116
121 122
121 123
121 146
121 151
121 156
121 158
122 1
122 116
122 123
123 5
123 7
123 16
123 35
123 54
123 73
123 74
124 5
124 7
124 35
124 116
124 121
124 123
125 24
125 30
125 37
125 39
125 86
125 99
125 170
125 188
126 4
126 33
126 39
126 73
126 108
126 152
126 158
126 185
127 30
127 33
127 54
127 86
127 111
127 116
127 129
127 136
127 137
127 147
127 151
127 179
127 182
128 33
128 86
128 136
128 162
128 174
128 179
128 185
129 65
129 68
129 74
129 90
129 130
129 131
129 143
129 153
130 31
130 35
130 41
130 80
130 131
130 146
131 41
131 116
131 159
132 33
132 55
132 65
132 84
132 93
132 100
132 134
132 146
132 147
132 185
133 33
133 127
133 147
133 179
133 185
134 2
134 33
134 100
134 127
134 137
134 166
134 179
135 14
136 19
136 22
136 27
136 33
136 35
136 74
136 78
136 86
136 99
136 100
136 116
136 137
136 164
136 166
136 179
137 33
137 128
137 166
137 175
137 179
137 185
138 5
138 6
138 16
138 30
138 33
138 36
138 37
138 39
138 73
138 74
138 80
138 102
138 116
138 144
138 151
138 154
138 188
139 33
139 39
139 74
139 79
139 86
139 94
139 102
139 126
139 160
139 161
139 172
139 185
140 33
140 35
140 39
140 66
140 74
140 83
140 111
140 116
140 126
140 141
140 144
140 152
140 153
140 154
141 35
141 54
141 73
141 111
141 188
142 14
142 19
142 33
142 108
142 137
142 173
143 27
143 33
143 65
143 74
143 78
143 99
143 116
143 152
143 153
143 157
143 185
144 11
144 24
144 33
144 74
144 83
144 118
144 126
144 158
144 161
144 170
145 29
145 30
145 33
145 106
145 127
145 137
146 27
146 50
146 73
146 74
146 80
146 100
146 125
146 129
146 153
146 159
147 28
147 33
147 84
147 185
148 6
148 11
148 30
148 33
148 36
148 58
148 71
148 74
148 90
148 100
148 111
148 116
148 129
148 166
148 170
148 172
148 179
148 181
148 187
148 188
149 33
149 51
149 137
149 172
150 11
150 19
150 33
150 39
150 86
150 151
150 152
150 156
150 158
150 159
150 162
151 41
151 66
151 116
151 129
151 156
151 158
151 188
151 189
152 33
152 35
152 80
152 83
152 108
152 116
152 117
152 158
152 188
153 27
153 30
153 35
153 50
153 65
153 74
153 111
153 116
153 154
153 158
153 190
154 6
154 31
154 54
154 74
154 80
154 121
154 151
154 155
154 170
154 188
155 15
155 54
155 65
155 80
155 86
155 116
155 153
155 159
156 36
156 39
156 94
156 108
156 111
156 152
156 158
156 168
156 172
156 181
157 30
157 33
157 57
157 65
157 74
157 83
157 100
157 111
157 116
157 158
157 187
157 188
158 4
158 11
158 16
158 30
158 39
158 74
158 75
158 100
158 106
158 111
158 129
158 131
158 159
159 6
159 30
159 31
159 39
159 66
159 80
159 94
159 108
159 116
159 154
159 156
159 168
159 172
159 188
160 33
160 37
160 57
160 65
160 80
160 94
160 116
160 129
160 153
160 168
160 172
160 185
161 8
161 11
161 27
161 43
161 73
161 79
161 80
161 83
161 100
161 116
161 118
161 126
161 127
161 133
161 156
161 157
161 158
161 159
161 161
161 168
161 179
161 185
161 187
162 14
162 33
162 39
162 41
162 80
162 83
162 86
162 99
162 116
162 152
162 156
162 158
162 159
162 168
162 185
162 188
163 33
163 100
163 153
163 157
163 185
163 187
164 10
164 12
164 33
164 39
164 41
164 65
164 129
164 150
164 152
164 158
164 159
164 162
164 168
164 178
164 185
164 188
165 3
165 5
165 30
165 74
165 93
165 111
165 116
165 158
165 182
166 9
166 33
166 65
166 86
166 93
166 127
166 159
166 172
166 179
167 27
167 33
167 72
167 84
167 100
167 116
167 185
167 186
168 4
168 6
168 33
168 35
168 41
168 65
168 74
168 83
168 100
168 116
168 151
168 169
169 0
169 1
169 35
169 41
169 54
169 66
169 73
169 74
169 81
169 90
169 99
169 116
169 146
169 152
169 154
170 5
170 6
170 9
170 30
170 31
170 33
170 39
170 58
170 73
170 74
170 80
170 93
170 94
170 102
170 111
170 116
170 126
170 129
170 146
170 153
170 156
170 159
170 181
170 190
171 35
171 54
171 74
171 81
172 27
172 86
172 93
172 94
172 116
172 185
173 33
173 86
173 137
173 178
173 188
174 27
174 43
174 137
174 175
174 176
174 177
175 27
175 173
175 177
175 179
175 185
176 8
176 14
176 27
176 137
176 164
176 177
176 178
177 33
177 127
177 137
177 178
178 71
178 137
179 10
179 12
179 18
179 24
179 28
179 33
179 66
179 86
179 99
179 102
179 129
179 146
179 152
179 153
179 156
179 172
179 181
181 6
181 11
181 27
181 30
181 33
181 73
181 74
181 93
181 113
181 159
181 188
182 59
182 146
182 183
182 184
183 39
183 165
183 183
184 121
185 31
185 33
185 65
185 71
185 127
185 153
185 179
186 33
186 57
186 100
186 156
186 185
186 187
187 6
187 27
187 30
187 35
187 36
187 53
187 58
187 62
187 65
187 83
187 84
187 93
187 100
187 102
187 105
187 116
187 129
187 166
187 170
187 179
187 181
187 190
188 11
188 33
188 37
188 80
188 156
188 168
188 189
189 1
189 35
189 54
189 111
190 6
190 33
190 39
190 65
190 80
190 83
190 93
190 100
190 102
190 116
190 129
190 151
190 156
190 168
82 82
180 180
