72 0
135 0
161 0
288 0
693 0
72 1
5 27
5 129
5 153
159 3
212 3
213 3
256 3
425 3
493 3
37 4
414 4
521 4
653 5
25 54
28 6
28 39
28 183
144 9
280 9
403 9
456 9
518 9
625 9
34 59
34 80
34 86
34 116
34 183
37 31
37 116
39 31
39 60
39 116
40 30
40 31
40 65
40 80
414 10
48 9
48 35
48 65
48 110
48 111
48 112
146 11
146 12
364 12
686 12
55 39
56 3
59 35
59 116
59 117
326 14
61 182
61 188
62 116
62 125
67 129
67 183
69 44
69 59
69 165
69 182
69 183
69 184
72 9
72 31
72 52
72 54
72 59
72 74
72 110
72 111
72 113
72 116
72 158
72 182
78 111
91 31
93 21
93 183
94 116
34 16
146 16
95 165
95 182
398 18
98 34
99 30
99 31
100 113
102 74
104 12
104 99
104 100
118 125
39 21
686 21
133 31
133 116
135 9
174 22
142 31
146 24
351 24
414 24
471 24
146 25
25 27
37 27
159 27
468 27
566 27
144 80
144 184
146 5
146 103
272 30
390 30
501 30
288 31
493 31
501 31
693 31
151 182
152 183
158 50
158 183
159 146
161 27
161 80
161 165
161 182
162 116
162 165
99 34
297 34
414 34
468 34
169 80
169 158
169 183
72 35
351 35
414 35
174 183
146 37
351 37
468 37
177 6
177 9
177 80
179 182
180 27
180 116
181 184
187 165
191 34
191 39
191 183
191 188
72 39
80 39
137 39
560 39
196 183
200 34
203 44
203 93
203 129
203 184
365 41
207 4
207 27
207 93
34 44
72 44
283 44
326 44
490 44
211 3
211 27
211 116
211 121
211 153
211 184
212 165
214 80
214 183
217 1
269 46
223 34
223 79
226 9
232 27
233 27
233 129
233 153
238 5
238 75
240 27
240 30
240 31
240 34
240 111
240 112
240 116
240 121
240 129
242 6
59 50
241 50
272 50
283 50
242 59
242 66
351 50
242 78
242 129
242 130
596 50
243 39
243 94
243 129
244 82
250 31
159 52
212 52
256 52
425 52
518 52
254 54
146 54
288 54
393 54
415 54
508 54
518 54
600 54
660 54
693 54
231 55
266 41
269 116
272 0
272 3
272 5
272 14
272 34
272 54
272 60
272 74
272 154
276 12
276 113
37 57
275 57
284 57
351 57
501 57
626 57
686 57
280 31
280 116
269 58
283 1
59 59
88 59
146 59
161 59
212 59
283 54
404 59
483 59
283 146
283 154
654 59
693 59
72 60
92 60
358 60
513 60
99 61
448 61
286 103
287 146
288 121
1 64
72 64
407 64
301 66
301 126
301 152
99 65
146 66
351 66
306 66
306 76
306 116
306 125
333 86
333 99
334 9
334 19
334 31
334 74
334 116
351 71
338 153
344 125
345 66
351 72
448 72
351 101
351 125
518 73
99 74
468 74
365 3
365 30
365 74
365 111
365 116
365 158
365 188
146 78
269 78
414 78
468 78
159 80
407 80
468 80
344 82
408 82
466 82
563 82
628 82
665 82
381 125
560 86
212 87
398 87
384 34
384 183
389 183
393 30
393 182
212 88
518 88
660 88
501 90
398 136
398 137
398 179
399 146
399 183
399 184
212 93
501 93
403 113
409 182
409 183
414 5
416 80
417 98
64 99
280 99
414 99
567 99
686 101
425 9
425 116
37 102
351 102
456 102
501 102
433 80
433 129
433 182
433 183
1 103
434 30
165 103
434 54
269 103
434 74
434 111
434 116
437 62
437 184
443 103
443 116
443 161
443 164
445 116
446 30
448 76
448 111
448 116
450 36
450 93
450 108
450 111
450 121
450 129
451 3
451 74
455 110
99 111
455 111
456 111
518 111
455 9
72 112
97 112
455 34
212 112
351 112
455 74
455 113
456 112
455 117
493 112
501 112
456 144
459 27
459 30
459 33
459 37
459 39
459 74
459 78
459 80
459 86
459 99
459 111
459 116
459 121
459 129
459 153
459 165
459 182
459 183
459 184
459 188
460 9
460 111
463 90
468 30
468 31
468 33
468 146
223 115
269 115
212 116
414 116
493 116
501 116
333 117
390 117
493 117
654 117
642 118
480 129
480 153
480 183
481 129
481 182
483 183
485 113
99 119
490 182
491 16
492 68
37 121
198 121
212 121
390 121
686 121
493 74
493 80
493 94
493 125
494 3
494 27
494 35
494 39
494 94
22 125
99 125
177 125
269 125
501 5
501 103
501 111
501 113
501 121
212 126
507 183
288 127
398 127
501 127
625 127
508 116
511 93
37 129
159 129
390 129
501 129
654 129
513 116
516 54
517 103
517 136
517 150
517 182
517 184
518 14
518 108
518 116
518 129
518 153
529 27
529 39
529 59
529 93
529 129
34 136
146 136
414 136
626 137
269 138
536 27
536 111
536 116
538 5
538 80
549 66
549 73
549 111
242 146
560 182
562 159
562 183
1 150
146 150
326 150
566 39
566 94
566 165
569 31
571 116
72 151
242 153
272 153
403 154
513 154
518 154
578 111
583 116
583 182
584 116
596 116
146 157
351 157
517 157
599 31
600 5
600 31
159 158
212 158
284 158
448 158
493 158
501 158
518 158
602 60
603 66
72 161
137 161
146 161
351 161
518 161
614 59
39 164
146 164
64 165
276 165
146 166
48 170
351 170
501 170
625 111
625 128
626 54
626 65
162 171
627 27
627 121
627 182
627 183
627 184
628 41
628 75
630 100
641 184
644 99
644 116
146 172
648 146
72 179
37 181
72 181
99 181
217 181
351 181
365 181
456 181
653 54
654 125
654 182
654 183
654 184
655 57
659 111
34 182
174 182
283 182
486 182
518 182
538 182
562 182
1 183
46 183
95 183
146 183
155 183
326 183
351 183
497 183
518 183
640 183
146 184
398 184
471 184
644 184
671 116
672 116
676 116
676 125
693 5
693 44
693 116
693 153
693 159
269 186
137 188
99 190
