0 46
0 72
0 117
0 128
0 168
0 308
0 501
1 72
1 137
1 146
1 212
1 269
1 288
1 297
1 326
1 351
1 404
1 415
1 459
1 642
1 660
2 37
2 39
2 42
2 75
2 96
2 171
2 351
2 407
2 496
2 561
3 96
3 501
3 561
5 37
5 159
5 165
5 303
5 437
5 672
6 353
7 146
7 226
7 285
7 295
8 37
8 96
8 101
8 102
8 171
8 274
8 506
8 561
8 663
9 37
9 96
9 407
9 561
10 37
10 96
10 171
10 344
10 392
10 561
10 657
10 668
11 37
11 96
11 171
11 197
11 340
11 561
12 37
12 96
12 101
12 171
12 561
13 37
13 96
13 101
13 171
13 205
13 266
13 479
13 530
13 561
14 37
14 96
14 101
14 171
14 195
14 364
14 561
14 663
15 37
15 96
15 171
15 280
15 400
15 561
15 657
16 2
16 37
16 96
16 171
16 226
16 357
16 392
16 407
16 561
17 37
17 96
17 171
17 286
17 561
18 17
18 37
18 171
18 286
18 561
19 37
19 96
19 171
19 223
19 339
19 478
19 536
19 550
19 553
19 554
19 561
19 632
20 37
20 101
20 102
20 103
20 171
20 206
20 266
20 268
20 274
20 280
20 297
20 324
20 381
20 407
20 561
20 672
21 24
21 37
21 96
21 215
21 223
21 339
21 536
21 553
21 561
21 618
21 649
22 172
22 182
22 537
23 37
23 171
23 536
23 561
24 37
24 45
24 101
24 143
24 151
24 171
24 223
24 224
24 348
24 536
24 553
24 561
24 591
24 618
24 649
25 96
25 146
25 217
25 254
25 272
25 282
25 285
25 501
25 507
25 561
25 563
25 632
25 653
26 37
26 96
26 144
26 171
26 212
26 407
26 472
26 561
27 276
27 435
27 501
28 69
28 212
28 508
28 626
29 272
29 393
30 37
30 101
30 171
30 479
30 561
31 37
31 96
31 223
31 412
31 536
31 553
31 554
31 561
32 37
32 101
32 123
32 171
32 226
32 269
32 280
32 286
32 536
32 561
32 648
33 99
33 351
33 657
34 25
34 146
34 283
34 480
34 490
34 518
34 571
34 614
35 37
35 206
35 280
35 561
35 567
36 158
36 282
36 501
36 561
37 62
37 72
37 101
37 171
37 256
37 280
37 288
37 351
37 364
37 400
37 407
37 468
37 493
37 501
37 536
37 561
37 584
37 657
38 37
38 53
38 96
38 202
38 223
38 276
38 339
38 469
38 536
38 561
38 636
38 649
39 37
39 47
39 55
39 92
39 266
39 288
39 358
39 364
39 407
39 561
39 619
39 657
39 667
39 686
40 20
40 37
40 39
40 48
40 55
40 96
40 101
40 206
40 280
40 367
40 381
40 488
40 561
40 619
40 672
41 37
41 223
41 339
41 536
41 553
41 554
41 561
42 37
42 39
42 53
42 171
42 407
42 561
43 37
43 111
43 121
43 127
43 129
43 151
43 164
43 186
43 202
43 218
43 228
43 295
43 299
43 339
43 407
43 561
43 683
44 37
44 39
44 55
44 364
44 561
44 584
45 37
45 101
45 143
45 171
45 223
45 224
45 536
45 553
45 554
45 561
46 37
46 70
46 168
46 171
46 308
46 351
46 407
46 430
46 561
47 37
47 55
47 72
47 176
47 364
47 561
48 37
48 72
48 99
48 206
48 227
48 240
48 280
48 288
48 306
48 367
48 455
48 468
48 473
48 488
48 501
48 518
48 536
48 567
48 673
49 37
49 96
49 101
49 171
49 193
49 266
49 274
49 401
49 418
49 522
49 536
49 561
49 616
49 618
50 37
50 96
50 101
50 102
50 151
50 171
50 181
50 189
50 280
50 342
50 364
50 367
50 381
50 407
50 561
50 613
51 179
51 212
51 282
51 414
51 501
51 561
51 563
52 96
52 282
52 501
52 561
52 632
53 37
53 171
53 364
53 367
53 407
53 430
53 527
53 561
54 393
54 407
54 425
54 468
54 501
54 518
54 693
55 37
55 80
55 180
55 206
55 364
55 561
55 584
56 34
56 37
56 59
56 96
56 252
56 351
56 508
56 561
56 637
58 61
58 64
58 223
58 560
58 629
59 72
59 297
59 626
59 660
60 37
60 48
60 96
60 181
60 280
60 381
60 561
60 672
61 162
62 96
62 101
62 171
62 240
62 273
62 286
62 326
62 364
62 407
62 561
62 584
62 634
63 37
63 96
63 101
63 171
63 479
63 561
64 308
64 521
64 560
66 66
66 387
67 69
67 96
67 158
67 208
67 240
67 282
67 384
67 403
67 501
67 561
67 563
67 632
68 37
68 96
68 407
68 561
68 688
69 34
69 95
69 241
69 283
69 486
69 490
70 37
70 339
70 407
70 561
71 212
72 100
72 133
72 159
72 170
72 212
72 213
72 256
72 266
72 272
72 283
72 297
72 351
72 365
72 393
72 399
72 425
72 456
72 493
72 501
72 508
72 510
72 561
72 642
72 660
72 693
73 37
73 226
73 407
73 473
73 528
73 561
73 642
73 661
73 669
73 688
74 37
74 96
74 101
74 102
74 103
74 171
74 236
74 268
74 280
74 305
74 470
74 561
74 574
74 605
74 640
75 37
75 171
75 407
75 496
75 561
76 37
76 148
76 171
76 212
76 268
76 392
76 407
76 561
77 37
77 46
77 96
77 351
77 407
77 430
77 561
78 96
78 161
78 460
78 501
78 561
79 37
79 96
79 101
79 171
79 259
79 286
79 364
79 475
79 561
79 661
80 37
80 266
80 280
80 367
80 447
80 561
81 37
81 171
81 280
81 561
81 567
81 644
82 96
82 196
82 208
82 254
82 275
82 501
82 561
82 609
83 37
83 96
83 171
83 194
83 268
83 280
83 320
83 466
83 561
83 567
83 622
83 673
84 280
85 226
85 527
86 37
86 55
86 101
86 171
86 227
86 280
86 282
86 336
86 364
86 407
86 510
86 527
86 528
86 561
86 563
86 652
86 657
86 672
87 37
87 43
87 96
87 171
87 285
87 364
87 407
87 561
87 696
88 483
88 485
88 563
88 659
89 37
89 99
89 171
89 212
89 226
89 284
89 301
89 407
89 532
89 561
90 37
90 171
90 266
90 268
90 280
90 297
90 407
90 561
90 684
91 37
91 55
91 86
91 101
91 351
91 364
91 513
91 561
92 37
92 55
92 94
92 266
92 282
92 347
92 358
92 364
92 501
92 510
92 518
92 561
92 667
92 686
93 1
93 96
93 152
93 208
93 282
93 501
93 561
93 596
93 599
94 33
94 37
94 47
94 55
94 166
94 176
94 288
94 364
94 367
94 501
94 561
94 588
94 619
94 667
95 78
95 88
95 161
95 241
95 248
95 280
95 404
95 414
95 471
95 654
96 37
96 72
96 99
96 133
96 288
96 501
96 649
97 72
97 99
97 101
97 266
97 268
97 351
97 390
97 403
97 414
97 447
97 468
97 510
98 97
98 99
98 146
98 159
98 212
98 266
98 515
98 518
98 564
99 37
99 72
99 94
99 133
99 159
99 200
99 212
99 233
99 240
99 256
99 266
99 268
99 276
99 288
99 295
99 296
99 297
99 351
99 390
99 392
99 414
99 447
99 468
99 501
99 515
99 561
99 660
99 693
100 98
100 99
100 297
100 327
100 365
100 414
100 437
100 456
100 468
100 693
101 99
101 102
101 171
101 197
101 225
101 230
101 236
101 250
101 266
101 268
101 271
101 274
101 280
101 281
101 307
101 312
101 324
101 332
101 350
101 351
101 364
101 407
101 469
101 472
101 475
101 479
101 482
101 488
101 497
101 501
101 513
101 533
101 536
101 544
101 553
101 561
101 575
101 605
101 606
101 618
101 642
101 645
101 657
101 663
101 688
102 103
102 114
102 115
102 145
102 163
102 236
102 266
102 307
102 324
102 572
102 605
102 606
102 613
102 662
102 663
102 680
103 37
103 101
103 171
103 236
103 271
103 332
103 378
103 470
103 475
103 561
104 159
104 326
104 416
104 608
105 10
105 37
105 171
105 294
105 407
105 561
105 668
106 37
106 43
106 96
106 171
106 285
106 295
106 407
106 561
107 37
107 96
107 101
107 171
107 303
107 364
107 407
107 561
107 584
108 37
108 96
108 102
108 171
108 561
108 663
109 37
109 96
109 171
109 339
109 357
109 392
109 407
109 561
110 37
110 96
110 101
110 171
110 244
110 350
110 561
110 621
111 37
111 96
111 121
111 171
111 407
111 561
111 683
112 124
112 154
112 447
113 37
113 55
113 518
113 561
113 584
114 37
114 96
114 101
114 171
114 364
114 561
114 620
115 37
115 96
115 101
115 114
115 171
115 364
115 561
116 37
116 96
116 171
116 311
116 561
116 567
117 34
117 72
117 660
118 37
118 96
118 101
118 102
118 171
118 274
118 324
118 332
118 485
118 561
119 37
119 47
119 96
119 101
119 102
119 171
119 318
119 350
119 561
119 635
120 37
120 96
120 223
120 268
120 344
120 354
120 407
120 466
120 561
120 674
121 37
121 96
121 164
121 171
121 339
121 357
121 392
121 407
121 561
121 657
122 37
122 96
122 171
122 181
122 280
122 561
122 567
122 644
123 37
123 171
123 407
123 536
123 561
124 37
124 96
124 171
124 407
124 527
124 561
126 37
126 43
126 96
126 407
126 561
127 37
127 96
127 140
127 171
127 392
127 407
127 561
128 33
128 37
128 96
128 168
128 212
128 351
128 364
128 407
128 561
129 37
129 96
129 171
129 407
129 561
130 37
130 101
130 171
130 268
130 280
130 561
131 82
131 96
131 158
131 169
131 192
131 196
131 207
131 210
131 219
131 252
131 275
131 282
131 397
131 409
131 411
131 417
131 467
131 480
131 501
131 547
131 549
131 561
131 566
131 579
131 589
131 601
131 607
131 609
131 646
131 666
132 198
132 226
133 37
133 78
133 97
133 159
133 161
133 199
133 297
133 390
133 403
133 493
133 501
133 600
133 625
133 660
133 670
133 686
134 37
134 48
134 86
134 96
134 139
134 168
134 171
134 227
134 407
134 466
134 561
134 567
134 622
134 644
135 37
135 269
135 537
135 561
136 24
136 37
136 45
136 137
136 143
136 171
136 223
136 224
136 276
136 303
136 339
136 536
136 553
136 554
136 555
136 561
136 591
137 5
137 28
137 37
137 55
137 72
137 92
137 99
137 159
137 162
137 171
137 206
137 231
137 241
137 248
137 269
137 280
137 308
137 356
137 364
137 367
137 382
137 399
137 407
137 414
137 415
137 437
137 515
137 518
137 521
137 536
137 560
137 596
137 612
137 657
137 660
138 37
138 96
138 171
138 280
138 286
138 561
139 37
139 96
139 101
139 171
139 206
139 227
139 280
139 320
139 407
139 561
139 622
139 648
140 37
140 43
140 96
140 171
140 284
140 407
140 561
140 655
141 37
141 96
141 171
141 407
141 561
142 33
142 86
142 92
142 101
142 102
142 177
142 282
142 339
142 364
142 493
142 501
142 561
142 563
142 670
143 37
143 137
143 171
143 223
143 224
143 244
143 339
143 536
143 553
143 554
143 555
143 561
144 37
144 407
144 561
145 37
145 96
145 101
145 171
145 307
145 330
145 561
146 101
146 137
146 159
146 212
146 213
146 337
146 351
146 365
146 398
146 404
146 434
146 447
146 517
146 518
146 625
146 626
146 642
146 660
147 37
147 96
147 97
147 171
147 367
147 409
147 561
147 657
148 37
148 171
148 268
148 392
148 407
148 561
149 37
149 96
149 171
149 407
149 561
150 37
150 55
150 80
150 96
150 206
150 561
151 37
151 89
151 105
151 223
151 236
151 271
151 280
151 286
151 310
151 324
151 332
151 340
151 357
151 364
151 392
151 407
151 475
151 488
151 567
151 584
151 621
151 649
151 662
151 665
152 92
152 96
152 146
152 158
152 208
152 272
152 481
152 501
152 527
152 561
153 37
153 101
153 171
153 250
153 286
153 364
153 472
153 561
154 37
154 59
154 89
154 90
154 101
154 151
154 164
154 171
154 226
154 266
154 268
154 269
154 280
154 286
154 297
154 348
154 364
154 392
154 407
154 518
154 527
154 528
154 537
154 561
154 621
154 682
155 217
155 269
155 297
155 387
155 518
156 155
156 198
156 387
156 525
157 158
157 208
157 501
157 561
158 96
158 208
158 242
158 254
158 272
158 282
158 480
158 501
158 527
158 561
158 563
159 37
159 212
159 256
159 288
159 296
159 297
159 351
159 390
159 399
159 425
159 447
159 468
159 472
159 501
159 518
160 37
160 171
160 223
160 431
160 469
160 536
160 561
160 598
160 636
161 166
161 333
161 351
161 403
161 459
161 460
161 518
161 563
161 578
162 5
162 37
162 64
162 159
162 165
162 266
162 269
162 280
162 560
162 632
162 657
162 690
163 37
163 96
163 101
163 171
163 364
163 561
163 563
164 22
164 37
164 70
164 96
164 151
164 171
164 236
164 295
164 357
164 392
164 407
164 561
164 621
164 655
164 683
165 159
166 243
166 282
166 288
166 501
166 561
166 632
166 686
167 414
168 37
168 99
168 212
168 266
168 351
168 407
168 448
168 561
169 92
169 96
169 280
169 282
169 480
169 501
169 561
169 563
169 609
170 117
171 256
171 367
171 407
171 536
171 561
171 657
172 5
172 17
172 37
172 101
172 159
172 206
172 280
172 286
172 367
172 407
172 536
172 537
172 657
173 96
173 275
173 282
173 501
173 561
173 563
174 47
174 208
174 254
174 282
174 373
174 384
174 501
174 561
174 632
175 37
175 96
175 101
175 102
175 171
175 401
175 527
175 561
175 635
176 37
176 55
176 364
176 561
177 37
177 55
177 96
177 199
177 256
177 358
177 364
177 513
177 561
178 37
178 96
178 171
178 274
178 561
179 96
179 133
179 208
179 348
179 430
179 501
179 561
179 567
180 37
180 39
180 96
180 151
180 179
180 206
180 266
180 268
180 364
180 496
180 561
181 37
181 171
181 280
181 463
181 561
182 137
182 182
182 212
182 269
182 351
182 537
183 37
183 96
183 101
183 171
183 280
183 364
183 367
183 536
183 561
184 37
184 96
184 101
184 102
184 103
184 171
184 235
184 364
184 535
184 561
185 37
185 96
185 101
185 102
185 171
185 561
186 37
186 96
186 171
186 299
186 407
186 561
187 96
187 208
187 272
187 282
187 501
187 518
187 561
187 563
187 686
188 37
188 96
188 101
188 171
188 268
188 274
188 367
188 561
189 37
189 96
189 101
189 102
189 171
189 561
189 613
190 37
190 407
190 561
190 600
191 34
191 72
191 159
191 168
191 384
191 508
191 625
191 626
191 660
192 96
192 208
192 254
192 561
193 37
193 96
193 171
193 215
193 223
193 418
193 474
193 536
193 553
193 561
193 618
194 37
194 96
194 280
194 320
194 561
194 567
194 644
194 672
195 37
195 101
195 102
195 171
195 274
195 561
196 96
196 174
196 272
196 282
196 297
196 384
196 480
196 501
196 561
197 37
197 171
197 266
197 268
197 274
197 280
197 315
197 488
197 561
198 269
198 270
198 351
198 387
198 525
199 240
199 274
199 309
199 501
200 223
200 266
200 351
200 447
200 448
200 527
200 593
201 37
201 96
201 171
201 561
202 23
202 37
202 171
202 206
202 280
202 367
202 392
202 407
202 536
202 561
202 567
202 657
203 34
203 297
203 393
203 538
203 626
203 642
204 37
204 101
204 171
204 561
205 22
205 37
205 101
205 103
205 171
205 230
205 371
205 401
205 530
205 545
205 561
206 37
206 49
206 80
206 364
206 381
206 561
206 619
207 59
207 96
207 254
207 501
207 561
207 563
208 501
209 37
209 39
209 208
209 282
209 284
209 501
209 561
209 563
210 384
210 501
210 561
211 72
211 159
211 170
211 288
211 508
211 518
211 642
212 37
212 213
212 256
212 266
212 288
212 296
212 297
212 390
212 448
212 468
212 501
212 511
212 518
212 564
212 660
213 159
213 256
213 266
213 493
213 518
213 592
213 660
214 72
214 282
214 439
214 501
214 561
214 670
215 37
215 96
215 171
215 223
215 418
215 536
215 553
215 561
215 618
215 656
216 37
216 78
216 94
216 96
216 199
216 282
216 403
216 407
216 561
216 563
216 578
216 600
216 667
217 39
217 211
217 365
217 393
217 443
217 518
217 537
217 596
217 626
218 37
218 164
218 236
218 303
218 339
218 351
218 357
218 370
218 392
218 407
218 561
219 82
219 96
219 158
219 169
219 192
219 196
219 207
219 210
219 252
219 275
219 282
219 397
219 409
219 411
219 417
219 467
219 480
219 501
219 547
219 549
219 561
219 563
219 566
219 579
219 589
219 601
219 607
219 609
219 646
219 666
220 37
220 171
220 223
220 536
220 553
220 561
220 618
220 649
221 37
221 101
221 151
221 171
221 223
221 351
221 407
221 487
221 536
221 561
221 585
222 37
222 151
222 171
222 226
222 376
222 407
222 561
223 37
223 49
223 99
223 101
223 171
223 202
223 205
223 212
223 224
223 268
223 274
223 286
223 302
223 339
223 360
223 361
223 363
223 402
223 407
223 408
223 418
223 469
223 474
223 487
223 488
223 505
223 519
223 522
223 536
223 550
223 553
223 554
223 555
223 561
223 585
223 591
223 616
223 618
223 636
223 648
223 649
223 656
223 657
224 37
224 171
224 536
224 553
224 554
224 561
225 37
225 96
225 154
225 171
225 226
225 230
225 240
225 267
225 274
225 430
225 496
225 497
225 561
226 37
226 88
226 128
226 146
226 161
226 171
226 212
226 310
226 364
226 407
226 426
226 528
226 537
226 561
226 563
226 654
227 37
227 64
227 168
227 171
227 231
227 280
227 407
227 466
227 561
227 640
227 644
227 672
228 37
228 137
228 171
228 228
228 407
228 518
228 561
228 670
229 37
229 101
229 166
229 171
229 192
229 307
229 481
229 513
229 561
229 645
230 37
230 171
230 258
230 281
230 482
230 498
230 544
230 561
230 563
230 642
230 687
231 28
232 96
232 501
232 561
232 602
233 28
233 37
233 55
233 96
233 146
233 212
233 269
233 297
233 351
233 364
233 367
233 468
233 561
233 657
235 37
235 96
235 101
235 102
235 171
235 350
235 561
236 37
236 171
236 268
236 305
236 561
236 662
236 677
237 37
237 171
237 407
237 561
238 72
238 272
238 288
238 297
238 351
238 364
238 393
238 407
238 672
239 96
239 501
239 561
239 632
239 686
240 72
240 89
240 92
240 97
240 133
240 146
240 159
240 284
240 390
240 407
240 455
240 468
240 493
241 146
242 59
242 241
242 272
242 283
242 351
242 596
243 96
243 501
243 561
244 37
244 134
244 171
244 268
244 269
244 339
244 407
244 408
244 561
244 627
244 657
245 37
245 101
245 171
245 268
245 472
245 561
246 2
246 37
246 75
246 171
246 244
246 407
246 561
247 37
247 96
247 101
247 102
247 151
247 154
247 171
247 226
247 268
247 351
247 429
247 435
247 448
247 501
247 561
247 657
248 37
248 280
248 351
248 407
248 468
248 521
248 657
249 37
249 96
249 171
249 206
249 280
249 381
249 466
249 488
249 561
249 567
250 37
250 96
250 171
250 176
250 274
250 472
250 561
250 658
252 59
252 82
252 88
252 96
252 158
252 169
252 192
252 196
252 207
252 210
252 254
252 275
252 282
252 397
252 404
252 409
252 411
252 417
252 467
252 480
252 547
252 549
252 561
252 566
252 579
252 589
252 601
252 607
252 609
252 646
252 666
252 670
253 37
253 48
253 151
253 171
253 280
253 286
253 364
253 407
253 427
253 561
254 154
254 282
254 383
254 384
254 385
254 411
254 414
254 467
254 501
254 547
254 563
254 686
255 37
255 96
255 171
255 226
255 310
255 407
255 528
255 561
256 288
256 425
256 468
256 493
256 501
256 561
257 37
257 96
257 101
257 102
257 171
257 561
258 37
258 96
258 101
258 102
258 171
258 561
259 37
259 96
259 101
259 103
259 171
259 285
259 305
259 475
259 561
260 37
260 96
260 171
260 367
260 371
260 475
260 536
260 561
260 563
260 611
261 37
261 96
261 101
261 102
261 171
261 506
261 561
261 663
262 37
262 96
262 101
262 102
262 171
262 561
263 37
263 96
263 101
263 102
263 163
263 171
263 364
263 561
264 37
264 96
264 101
264 171
264 206
264 280
264 561
265 37
265 96
265 171
265 223
265 536
265 553
265 561
265 618
266 24
266 33
266 46
266 53
266 55
266 70
266 104
266 146
266 159
266 223
266 240
266 256
266 268
266 280
266 296
266 297
266 308
266 390
266 404
266 425
266 447
266 468
266 483
266 493
266 501
266 515
266 518
266 524
266 593
266 616
266 623
266 657
266 658
267 11
267 22
267 101
267 103
267 197
267 245
267 250
267 307
267 312
267 324
267 335
267 340
267 369
267 472
267 475
267 479
267 482
267 488
267 497
267 531
267 590
267 605
267 606
267 687
267 688
268 37
268 225
268 240
268 276
268 348
268 351
268 404
268 408
268 447
268 501
268 510
268 524
268 573
268 593
268 660
268 694
268 696
269 5
269 40
269 55
269 101
269 103
269 165
269 241
269 266
269 270
269 280
269 351
269 387
269 407
269 465
269 468
269 518
269 525
269 527
269 536
269 537
269 657
270 657
271 37
271 266
271 332
271 489
271 536
271 561
271 657
272 463
273 37
273 39
273 75
273 80
273 81
273 86
273 92
273 94
273 101
273 103
273 123
273 138
273 139
273 151
273 154
273 202
273 206
273 222
273 228
273 250
273 262
273 266
273 268
273 280
273 290
273 310
273 339
273 350
273 354
273 358
273 364
273 376
273 380
273 407
273 466
273 488
273 504
273 536
273 567
273 569
273 584
273 595
273 600
273 610
273 620
273 622
273 634
273 648
273 664
273 667
273 668
273 685
273 690
273 691
274 159
274 236
274 307
274 332
274 407
274 418
274 518
274 536
274 618
274 649
275 67
275 96
275 158
275 169
275 192
275 196
275 207
275 208
275 210
275 254
275 280
275 282
275 397
275 409
275 411
275 417
275 467
275 480
275 547
275 549
275 561
275 563
275 566
275 579
275 589
275 601
275 607
275 609
275 646
275 654
275 666
275 670
276 456
276 493
276 501
276 561
276 563
276 670
277 137
277 162
277 248
277 269
277 414
278 37
278 96
278 101
278 102
278 171
278 205
278 364
278 533
278 561
278 620
279 37
279 96
279 101
279 102
279 171
279 304
279 561
280 171
280 468
280 644
280 657
280 673
281 37
281 72
281 170
281 171
281 518
281 561
282 101
282 268
282 364
282 403
282 501
282 510
282 518
282 549
282 563
282 603
283 59
283 88
283 146
283 161
283 212
283 404
283 483
283 654
283 693
284 284
284 632
285 37
285 226
285 268
285 310
285 368
285 370
285 561
286 37
286 55
286 73
286 101
286 147
286 171
286 269
286 280
286 285
286 326
286 339
286 407
286 434
286 473
286 561
286 634
286 657
287 5
287 37
287 72
287 171
287 206
287 367
287 447
287 518
287 561
287 654
287 657
288 72
288 351
288 468
288 493
288 501
288 561
288 670
288 693
289 198
289 561
290 37
290 96
290 101
290 171
290 178
290 212
290 561
291 288
291 561
292 37
292 96
292 171
292 223
292 472
292 536
292 553
292 561
292 618
292 649
293 37
293 96
293 139
293 351
293 561
294 37
294 96
294 100
294 171
294 407
294 561
294 621
294 668
295 37
295 392
295 407
295 561
296 296
296 404
296 425
296 447
296 518
296 571
296 614
296 660
296 693
297 37
297 98
297 211
297 240
297 256
297 272
297 296
297 326
297 351
297 390
297 403
297 447
297 468
297 501
297 511
297 518
297 561
297 616
298 37
298 96
298 101
298 171
298 206
298 280
298 381
298 466
298 488
298 561
299 37
299 96
299 171
299 284
299 407
299 561
300 96
300 282
300 501
300 561
300 563
301 37
301 96
301 171
301 212
301 244
301 266
301 280
301 339
301 407
301 561
301 593
302 37
302 96
302 151
302 171
302 339
302 536
302 553
302 561
302 585
302 618
302 649
303 16
303 37
303 96
303 144
303 357
303 392
303 407
303 462
303 561
304 37
304 96
304 101
304 102
304 171
304 364
304 561
305 37
305 96
305 101
305 103
305 171
305 285
305 407
305 561
306 37
306 171
306 206
306 269
306 280
306 364
306 483
306 561
307 37
307 171
307 367
307 561
307 568
307 574
307 605
308 37
308 117
308 168
308 171
308 212
308 284
308 339
308 351
308 407
308 436
308 473
308 561
309 501
309 561
310 37
310 89
310 96
310 171
310 284
310 339
310 348
310 407
310 528
310 561
311 37
311 96
311 171
311 206
311 561
311 567
312 37
312 96
312 103
312 171
312 268
312 488
312 561
313 37
313 96
313 101
313 171
313 324
313 342
313 523
313 561
314 37
314 96
314 101
314 102
314 171
314 561
315 37
315 96
315 101
315 102
315 171
315 274
315 280
315 561
316 37
316 96
316 101
316 102
316 171
316 206
316 268
316 364
316 561
317 37
317 94
317 96
317 101
317 171
317 364
317 561
317 688
318 37
318 96
318 101
318 102
318 171
318 561
319 37
319 96
319 171
319 561
320 37
320 96
320 116
320 171
320 226
320 227
320 280
320 466
320 561
320 567
320 595
320 648
321 37
321 96
321 407
321 561
322 37
322 39
322 96
322 101
322 364
322 561
322 688
323 37
323 96
323 171
323 348
323 407
323 561
323 696
324 37
324 171
324 342
324 561
324 613
324 663
325 37
325 101
325 205
325 266
325 351
325 497
325 508
325 513
326 168
326 212
326 351
326 642
327 326
328 37
328 171
328 561
329 37
329 96
329 103
329 171
329 561
330 37
330 96
330 101
330 154
330 171
330 307
330 429
330 496
330 561
331 37
331 96
331 101
331 102
331 171
331 561
332 37
332 171
332 236
332 378
332 561
332 582
333 125
333 146
333 414
333 459
333 468
333 562
333 671
334 72
334 96
334 101
334 407
334 518
334 561
335 37
335 96
335 101
335 171
335 274
335 367
335 399
335 561
335 632
336 348
336 351
336 393
336 415
337 485
337 518
338 518
339 37
339 55
339 72
339 151
339 351
339 364
339 392
339 468
339 501
339 563
340 37
340 101
340 171
340 212
340 561
341 37
341 96
341 151
341 171
341 223
341 536
341 553
341 561
341 618
342 37
342 96
342 101
342 102
342 171
342 506
342 561
343 96
343 133
343 468
343 561
343 655
344 37
344 72
344 96
344 171
344 202
344 244
344 268
344 339
344 392
344 407
344 496
344 518
344 561
344 672
345 403
345 414
345 549
345 653
346 37
346 96
346 168
346 171
346 244
346 268
346 351
346 407
346 561
347 37
347 55
347 358
347 364
347 518
347 561
348 37
348 96
348 137
348 161
348 162
348 171
348 212
348 223
348 228
348 266
348 339
348 351
348 407
348 472
348 512
348 521
348 561
348 658
348 696
349 37
349 96
349 101
349 102
349 171
349 350
349 561
349 604
350 37
350 96
350 114
350 161
350 171
350 274
350 282
350 364
350 544
350 561
350 563
350 581
350 633
351 6
351 137
351 151
351 171
351 212
351 227
351 230
351 244
351 256
351 390
351 407
351 468
351 521
351 561
353 248
354 37
354 96
354 171
354 268
354 280
354 381
354 407
354 466
354 561
354 583
354 672
354 674
355 37
356 212
356 233
356 296
356 425
356 508
356 518
356 657
357 37
357 46
357 392
357 407
357 429
357 561
357 621
357 683
358 37
358 55
358 364
358 561
358 619
358 667
359 37
359 96
359 171
359 193
359 223
359 339
359 361
359 469
359 536
359 561
360 37
360 171
360 227
360 505
360 536
360 561
360 593
360 644
360 672
361 37
361 171
361 339
361 469
361 536
361 561
361 591
361 649
362 37
362 96
362 101
362 171
362 484
362 561
363 37
363 96
363 171
363 339
363 407
363 561
364 266
364 351
364 367
364 459
364 468
364 518
364 561
364 584
364 619
364 667
364 694
365 272
365 280
365 297
365 348
365 351
365 449
365 496
365 518
366 521
366 593
366 615
367 37
367 55
367 101
367 280
367 407
367 536
367 657
368 37
368 74
368 96
368 171
368 297
368 305
368 407
368 447
368 496
368 561
369 37
369 94
369 96
369 171
369 268
369 284
369 364
369 561
369 563
369 632
369 688
370 37
370 101
370 106
370 171
370 255
370 407
370 536
370 561
371 37
371 96
371 101
371 171
371 364
371 367
371 530
371 561
372 96
372 501
372 561
373 96
373 280
373 501
373 561
374 37
374 72
374 86
374 96
374 101
374 154
374 171
374 274
374 282
374 339
374 364
374 367
374 407
374 475
374 479
374 501
374 527
374 561
374 563
374 619
374 655
374 669
375 37
375 96
375 101
375 171
375 407
375 479
375 561
376 37
376 101
376 171
376 268
376 285
376 407
376 528
376 536
376 561
376 664
377 37
377 101
377 171
377 271
377 561
377 661
378 37
378 171
378 236
378 470
378 531
378 561
380 37
380 101
380 171
380 504
380 561
381 37
381 48
381 55
381 280
381 367
381 488
381 561
381 672
381 673
382 162
382 228
382 269
382 515
382 518
382 660
383 208
383 501
383 561
384 96
384 272
384 282
384 385
384 386
384 501
384 561
384 562
384 632
385 92
385 96
385 282
385 501
385 561
386 96
386 254
386 282
386 501
386 561
387 537
388 37
388 171
388 223
388 339
388 469
388 561
389 96
389 208
389 214
389 272
389 501
389 561
390 37
390 72
390 288
390 468
390 501
390 515
390 660
391 37
391 96
391 101
391 102
391 171
391 561
392 37
392 43
392 96
392 171
392 244
392 407
392 561
392 621
392 683
392 696
393 333
393 459
394 37
394 96
394 101
394 171
394 236
394 332
394 378
394 561
394 662
395 37
395 96
395 102
395 171
395 561
395 584
396 96
396 501
396 561
397 96
397 158
397 501
397 561
398 137
398 159
398 212
398 297
398 398
398 508
398 626
398 660
399 1
399 212
399 415
399 437
399 511
400 96
400 101
400 102
400 171
400 206
400 381
400 488
400 561
401 37
401 101
401 118
401 171
401 260
401 266
401 561
402 37
402 96
402 171
402 339
402 469
402 472
402 536
402 561
402 649
403 47
403 72
403 88
403 96
403 100
403 208
403 456
403 483
403 486
403 518
403 561
403 654
404 34
404 288
404 326
404 518
404 642
404 694
405 37
405 96
405 101
405 102
405 171
405 286
405 561
406 37
406 171
406 223
406 339
406 536
406 553
406 554
406 555
406 561
407 487
407 496
407 504
407 561
407 657
407 672
407 696
408 37
408 171
408 407
408 561
409 67
409 208
409 282
409 507
409 518
409 561
409 563
409 632
410 37
410 88
410 96
410 214
410 266
410 339
410 518
410 529
410 536
410 561
411 82
411 96
411 158
411 169
411 174
411 192
411 196
411 207
411 210
411 397
411 409
411 417
411 467
411 480
411 501
411 547
411 549
411 561
411 566
411 579
411 589
411 601
411 607
411 609
411 646
411 666
412 37
412 171
412 223
412 339
412 536
412 553
412 554
412 561
413 64
413 508
413 573
413 660
414 28
414 33
414 37
414 146
414 269
414 351
414 511
414 521
414 625
415 72
415 511
415 518
415 642
416 146
416 154
416 168
416 199
416 226
416 407
417 82
417 192
417 254
417 282
417 467
417 501
417 547
417 561
417 563
418 37
418 101
418 171
418 536
418 553
418 561
418 618
419 521
420 282
420 501
420 561
421 37
421 171
421 223
421 276
421 339
421 469
421 536
421 561
422 282
422 501
422 561
423 37
423 96
423 101
423 102
423 114
423 171
423 364
423 561
423 577
423 620
424 168
424 351
425 272
425 424
425 493
425 518
426 297
426 528
427 37
427 171
427 226
427 367
427 407
427 561
427 616
427 661
427 669
428 96
428 174
428 208
428 282
428 501
428 561
429 37
429 151
429 154
429 171
429 364
429 407
429 561
430 168
430 282
430 326
430 351
430 364
430 563
430 584
431 37
431 171
431 223
431 276
431 339
431 469
431 479
431 536
431 561
431 598
431 636
432 37
432 101
432 102
432 171
432 274
432 561
433 96
433 414
433 501
433 518
433 561
433 563
433 632
433 654
434 1
434 165
434 269
435 96
435 282
435 501
435 561
435 563
435 686
436 37
436 128
436 171
436 268
436 351
436 407
436 416
436 561
437 33
437 191
437 241
437 269
437 297
437 351
437 393
437 508
437 518
437 592
437 596
437 626
437 642
437 660
438 212
438 266
438 518
438 564
438 693
439 297
439 501
439 561
440 37
440 96
440 171
440 223
440 361
440 421
440 469
440 536
440 561
441 493
441 501
443 1
443 125
443 146
443 159
443 241
443 434
443 463
443 508
443 521
443 596
444 37
444 96
444 138
444 159
444 405
444 511
444 561
444 640
445 37
445 39
445 92
445 96
445 171
445 407
445 561
445 667
446 146
446 414
446 446
447 72
447 468
447 593
447 616
448 6
448 37
448 72
448 223
448 256
448 268
448 288
448 351
448 407
448 448
448 468
448 493
448 501
449 37
449 55
449 72
449 499
449 561
449 637
449 675
450 39
450 55
450 96
450 240
450 286
450 364
450 407
450 430
450 435
450 501
450 518
450 561
450 657
451 241
452 37
452 171
452 286
452 407
452 477
452 561
453 282
453 501
453 561
453 563
454 37
454 96
454 101
454 102
454 171
454 561
454 620
455 72
455 97
455 212
455 351
455 456
455 493
455 501
457 37
457 171
457 206
457 280
457 561
457 595
458 37
458 101
458 102
458 171
458 561
458 688
459 95
459 159
459 212
459 272
459 297
459 365
459 403
459 486
459 518
459 521
459 562
460 37
460 96
460 272
460 348
460 351
460 393
460 403
460 501
460 513
460 561
460 563
461 92
461 133
461 282
461 501
461 561
461 563
462 37
462 96
462 171
462 276
462 288
462 407
462 561
462 696
463 59
463 64
463 146
463 199
463 356
463 485
463 560
463 603
464 96
464 142
464 501
464 561
465 33
465 351
466 37
466 48
466 96
466 171
466 197
466 280
466 351
466 407
466 488
466 561
466 567
466 583
466 644
466 648
466 665
467 82
467 88
467 96
467 282
467 333
467 480
467 501
467 561
468 39
468 55
468 72
468 284
468 296
468 393
468 493
468 501
468 515
468 518
468 660
469 37
469 171
469 266
469 339
469 536
469 553
469 561
469 591
470 37
470 96
470 101
470 102
470 171
470 268
470 280
470 324
470 561
472 37
472 43
472 96
472 144
472 171
472 274
472 392
472 561
472 581
472 696
473 37
473 101
473 151
473 280
473 367
473 407
473 561
473 669
473 672
474 37
474 96
474 153
474 171
474 220
474 361
474 519
474 536
474 553
474 561
474 618
474 656
475 37
475 223
475 236
475 240
475 271
475 280
475 332
475 340
475 364
475 407
475 561
475 611
476 37
476 96
476 171
476 223
476 339
476 469
476 536
476 561
477 501
477 561
477 632
478 37
478 136
478 171
478 223
478 469
478 536
478 561
478 656
479 37
479 171
479 178
479 266
479 546
479 561
480 82
480 192
480 207
480 208
480 210
480 254
480 272
480 397
480 409
480 417
480 501
480 547
480 549
480 561
480 566
480 579
480 589
480 601
480 607
480 609
480 646
480 666
481 96
481 501
481 561
481 670
482 37
482 96
482 171
482 268
482 544
482 561
483 96
483 208
483 272
483 297
483 501
483 561
483 632
483 654
483 666
484 37
484 101
484 171
484 561
484 632
485 96
485 101
485 133
485 199
485 208
485 272
485 282
485 288
485 403
485 456
485 518
485 561
485 563
486 518
486 693
487 37
487 171
487 561
488 15
488 37
488 171
488 269
488 280
488 561
489 37
489 96
489 101
489 102
489 171
489 205
489 230
489 561
490 0
491 137
491 403
493 159
493 393
493 447
493 494
493 501
494 72
494 501
494 518
495 37
495 96
495 102
495 171
495 206
495 268
495 274
495 364
495 561
495 663
496 37
496 171
496 561
496 637
497 37
497 171
497 205
497 258
497 281
497 482
497 498
497 544
497 561
497 563
497 642
497 687
498 37
498 96
498 101
498 171
498 561
499 37
499 561
500 37
500 96
500 121
500 171
500 268
500 295
500 407
500 561
500 696
501 39
501 284
501 398
501 403
501 425
501 434
501 456
501 548
501 561
501 563
501 599
501 602
501 603
501 625
501 632
501 670
501 686
502 159
502 212
502 468
502 493
502 518
503 37
503 96
503 171
503 223
503 269
503 339
503 536
503 553
503 554
503 561
504 37
504 96
504 101
504 151
504 171
504 202
504 236
504 332
504 353
504 475
504 518
504 527
504 536
504 561
504 610
505 37
505 45
505 83
505 151
505 171
505 266
505 536
505 561
505 605
506 37
506 101
506 171
506 541
506 561
506 663
507 208
507 272
507 501
507 561
507 632
508 1
508 33
508 137
508 217
508 288
508 333
508 626
508 642
508 660
509 37
509 96
509 101
509 102
509 171
509 280
509 364
509 561
509 643
510 39
510 94
510 199
510 518
510 654
510 667
511 72
511 159
511 256
511 266
511 296
511 408
511 468
511 518
511 693
513 230
513 307
513 472
513 497
514 208
514 282
514 501
514 561
515 37
515 72
515 154
515 159
515 212
515 288
515 351
515 407
515 518
515 660
517 159
517 212
517 297
517 398
517 434
517 463
517 518
518 72
518 170
518 256
518 326
518 351
518 393
518 564
518 657
518 660
518 693
519 37
519 171
519 339
519 469
519 536
519 561
519 656
520 37
520 99
520 101
520 151
520 223
520 244
520 266
520 274
520 295
520 339
520 465
520 469
520 472
520 479
520 501
520 519
520 536
520 561
520 636
521 37
521 99
522 37
522 86
522 101
522 137
522 171
522 281
522 407
522 522
522 536
522 561
522 619
522 657
523 37
523 101
523 171
523 280
523 561
524 447
524 593
525 37
525 123
525 154
525 228
525 280
525 351
525 537
526 37
526 96
526 171
526 344
526 407
526 561
527 37
527 82
527 171
527 214
527 226
527 407
527 480
527 561
528 1
528 37
528 89
528 90
528 137
528 198
528 285
528 348
528 527
528 642
529 96
529 152
529 283
529 384
529 501
529 561
529 666
530 37
530 101
530 171
530 545
530 561
531 37
531 96
531 101
531 103
531 171
531 236
531 297
531 561
531 677
532 37
532 73
532 96
532 154
532 171
532 212
532 301
532 351
532 407
532 561
532 669
532 684
533 37
533 96
533 102
533 171
533 364
533 561
533 577
533 620
534 37
534 96
534 101
534 102
534 171
534 561
535 37
535 96
535 101
535 102
535 171
535 561
536 159
536 407
536 536
536 553
536 561
536 641
536 648
536 657
537 5
537 137
537 146
537 165
537 266
537 657
538 152
538 198
538 398
538 413
538 459
538 501
538 537
538 657
539 282
539 501
539 561
539 579
539 654
540 37
540 96
540 171
540 206
540 381
540 407
540 561
540 672
541 37
541 96
541 101
541 102
541 171
541 561
542 37
542 43
542 96
542 171
542 407
542 561
543 37
543 96
543 101
543 102
543 171
543 561
544 37
544 96
544 102
544 171
544 332
544 489
544 561
544 687
545 37
545 96
545 101
545 161
545 171
545 206
545 351
545 364
545 407
545 561
545 661
546 37
546 96
546 101
546 102
546 171
546 561
547 96
547 208
547 282
547 501
547 561
548 96
548 459
548 549
548 561
548 603
549 93
549 96
549 208
549 254
549 269
549 393
549 414
549 501
549 518
549 537
549 561
549 646
549 653
550 37
550 96
550 171
550 266
550 339
550 536
550 553
550 554
550 561
551 37
551 171
551 212
551 536
551 561
552 37
552 171
552 561
552 567
553 37
553 151
553 171
553 339
553 554
553 561
553 618
553 649
554 37
554 101
554 151
554 171
554 202
554 244
554 266
554 303
554 339
554 469
554 536
554 561
554 618
554 632
554 649
554 656
555 37
555 45
555 101
555 171
555 215
555 224
555 303
555 472
555 536
555 553
555 554
555 561
555 649
556 37
556 101
556 171
556 202
556 223
556 360
556 407
556 469
556 505
556 522
556 553
556 554
556 561
556 618
556 648
556 657
557 37
557 101
557 171
557 561
558 37
558 96
558 171
558 223
558 339
558 469
558 536
558 561
558 591
560 28
560 248
560 297
560 398
560 443
560 596
561 96
561 208
561 266
561 282
561 468
561 632
561 657
562 95
562 486
562 654
563 39
563 101
563 179
563 199
563 214
563 407
563 441
563 483
563 518
563 529
563 603
564 213
564 266
564 296
564 351
564 447
565 96
565 276
565 288
565 297
565 364
565 435
565 501
565 561
565 563
565 632
566 96
566 282
566 501
566 561
566 563
567 37
567 139
567 146
567 171
567 181
567 198
567 223
567 227
567 269
567 280
567 387
567 407
567 501
567 537
567 540
567 561
567 622
567 657
567 673
567 697
568 37
568 101
568 561
568 605
569 37
569 39
569 42
569 96
569 137
569 171
569 407
569 504
569 561
569 610
570 72
570 97
570 240
570 381
570 518
570 660
571 404
571 508
571 596
571 614
572 37
572 96
572 97
572 101
572 161
572 171
572 266
572 561
573 191
574 37
574 96
574 101
574 171
574 561
575 37
575 96
575 171
575 236
575 475
575 561
576 137
576 414
577 37
577 96
577 114
577 171
577 364
577 561
577 620
578 78
578 208
578 403
578 561
579 82
579 96
579 158
579 169
579 192
579 196
579 207
579 210
579 282
579 397
579 409
579 417
579 467
579 501
579 547
579 549
579 561
579 563
579 566
579 589
579 601
579 607
579 609
579 646
579 666
580 37
580 96
580 101
580 171
580 206
580 280
580 381
580 488
580 561
581 37
581 101
581 171
581 235
581 324
581 364
581 544
581 561
581 633
582 37
582 96
582 101
582 102
582 103
582 171
582 236
582 271
582 561
583 37
583 96
583 137
583 171
583 407
583 561
583 567
584 92
584 94
584 101
584 280
584 367
584 407
584 518
584 561
584 619
584 631
584 667
585 37
585 151
585 171
585 361
585 522
585 536
585 553
585 561
585 618
585 649
586 37
586 96
586 101
586 171
586 479
586 561
587 37
587 96
587 101
587 102
587 171
587 184
587 235
587 561
588 37
588 55
588 154
588 285
588 364
588 401
588 561
588 688
589 96
589 325
589 501
589 561
590 37
590 101
590 171
590 274
590 364
590 561
591 37
591 45
591 96
591 143
591 171
591 221
591 224
591 339
591 407
591 487
591 536
591 561
591 585
591 636
591 649
592 146
592 159
592 351
593 398
593 521
593 615
593 649
594 37
594 171
594 280
594 561
595 37
595 206
595 280
595 561
595 567
596 117
596 146
596 162
596 508
597 37
597 96
597 151
597 171
597 223
597 274
597 339
597 361
597 364
597 536
597 553
597 561
597 618
597 649
598 37
598 171
598 223
598 339
598 469
598 536
598 561
599 282
599 493
599 518
599 563
599 600
600 208
600 384
600 493
600 501
600 561
601 208
601 282
601 297
601 501
601 561
601 625
601 632
602 59
602 282
602 510
602 561
603 92
603 96
603 101
603 208
603 561
604 37
604 101
604 171
604 561
604 606
605 37
605 171
605 268
605 561
606 37
606 171
606 364
606 561
607 96
607 282
607 404
607 561
607 563
607 632
608 39
608 96
608 282
608 501
608 547
608 561
609 96
609 282
609 501
609 561
610 37
610 96
610 151
610 171
610 222
610 226
610 376
610 407
610 561
610 664
610 685
611 37
611 96
611 101
611 171
611 537
611 561
612 159
612 211
612 269
612 272
612 511
612 537
612 560
613 37
613 101
613 171
613 561
613 663
614 59
614 283
614 404
615 521
616 46
616 80
616 99
616 200
616 212
616 468
617 37
617 96
617 171
617 223
617 308
617 339
617 536
617 553
617 554
617 561
617 618
617 648
618 37
618 171
618 339
618 536
618 561
618 649
618 656
619 37
619 351
620 37
620 101
620 171
620 561
621 37
621 76
621 89
621 96
621 212
621 226
621 244
621 339
621 351
621 407
621 561
621 668
622 37
622 96
622 122
622 171
622 280
622 320
622 351
622 459
622 561
622 648
623 37
623 49
623 96
623 171
623 202
623 280
623 561
623 657
624 19
624 37
624 38
624 41
624 51
624 136
624 143
624 160
624 171
624 223
624 274
624 339
624 536
624 550
624 553
624 554
624 561
625 59
625 94
625 348
625 518
625 561
625 563
625 596
625 625
625 626
626 443
626 686
627 159
627 226
627 231
627 351
627 393
627 407
627 430
627 496
627 538
627 567
627 628
628 72
628 159
628 518
628 625
629 59
629 61
629 64
629 137
629 231
629 234
629 297
629 356
629 379
629 521
629 596
630 25
630 59
630 146
630 191
630 212
630 413
630 414
630 507
630 548
630 549
630 573
630 646
631 37
631 561
632 6
632 51
632 142
632 179
632 276
632 493
632 563
632 686
633 37
633 96
633 101
633 171
633 274
633 401
633 561
634 37
634 171
634 561
634 657
635 37
635 101
635 102
635 171
635 266
635 364
635 561
635 688
636 37
636 105
636 151
636 171
636 339
636 469
636 501
636 519
636 536
636 561
636 649
638 5
638 72
638 501
638 561
638 602
639 37
639 96
639 101
639 171
639 223
639 266
639 339
639 536
639 553
639 561
639 618
639 657
640 138
640 280
640 367
641 37
641 94
641 101
641 171
641 202
641 286
641 561
641 584
641 648
642 217
642 407
642 511
643 37
643 96
643 101
643 102
643 171
643 364
643 561
644 37
644 171
644 561
645 37
645 171
645 335
645 561
646 28
646 82
646 96
646 146
646 158
646 169
646 192
646 196
646 207
646 210
646 211
646 397
646 409
646 417
646 437
646 467
646 501
646 547
646 561
646 566
646 589
646 601
646 607
646 609
646 666
647 231
648 37
648 38
648 171
648 407
648 518
648 561
649 37
649 99
649 171
649 215
649 240
649 244
649 266
649 303
649 344
649 357
649 376
649 392
649 407
649 447
649 472
649 536
649 561
649 649
650 37
650 96
650 101
650 171
650 561
651 37
651 96
651 171
651 351
651 561
652 33
652 37
652 171
652 407
652 518
652 528
652 561
652 596
653 92
653 254
653 561
654 88
654 133
654 161
654 351
654 389
654 459
654 501
654 518
655 501
656 33
656 37
656 38
656 49
656 96
656 101
656 151
656 154
656 171
656 274
656 418
656 472
656 536
656 553
656 561
656 645
657 351
657 672
658 33
658 206
658 225
658 468
658 472
658 488
658 616
658 672
659 96
659 208
659 282
659 501
659 561
659 563
660 159
660 256
660 297
660 326
660 414
660 501
660 528
660 573
661 37
661 171
661 285
661 332
661 407
661 475
661 561
661 563
661 669
662 37
662 101
662 103
662 171
662 274
662 332
662 378
662 561
663 37
663 171
663 340
663 364
663 367
663 561
664 37
664 171
664 228
664 407
664 561
665 37
665 96
665 171
665 407
665 561
666 96
666 208
666 485
666 501
666 561
666 567
667 37
667 55
667 297
667 339
667 561
667 619
668 37
668 96
668 171
668 407
668 561
668 692
669 37
669 171
669 407
669 513
669 527
669 561
670 601
671 297
671 518
672 99
672 120
672 137
672 168
672 240
672 280
672 351
672 364
672 447
672 466
672 583
673 37
673 96
673 171
673 561
673 657
673 672
674 227
674 351
674 466
674 567
674 672
675 34
675 37
675 96
675 203
675 561
676 37
676 96
676 101
676 171
676 240
676 273
676 286
676 326
676 364
676 407
676 561
676 584
676 634
677 37
677 96
677 101
677 102
677 103
677 171
677 280
677 332
677 378
677 473
677 561
677 632
678 37
678 96
678 101
678 102
678 171
678 561
679 37
679 96
679 101
679 102
679 171
679 561
680 37
680 96
680 171
680 561
681 37
681 96
681 101
681 102
681 171
681 405
681 561
682 37
682 96
682 171
682 407
682 561
683 37
683 121
683 171
683 407
683 561
683 657
684 37
684 96
684 151
684 171
684 407
684 561
685 37
685 171
685 222
685 339
685 407
685 561
686 159
686 284
686 288
687 37
687 96
687 101
687 171
687 205
687 268
687 561
688 37
688 171
688 475
688 561
688 632
689 37
689 96
689 282
689 501
689 561
689 563
690 37
690 226
690 364
690 367
691 37
691 101
691 171
691 561
692 37
692 96
692 171
692 407
692 561
693 1
693 256
693 297
693 351
693 561
693 693
694 55
694 430
694 660
695 37
695 96
695 101
695 102
695 171
695 364
695 561
695 563
696 37
696 561
697 37
697 48
697 96
697 171
697 206
697 561
697 696
352 352
65 65
4 4
516 516
492 492
559 559
57 57
442 442
251 251
