0 0
1 1
2 2
3 3
4 4
5 5
6 6
7 7
8 8
9 9
10 10
11 11
12 12
13 13
14 14
15 15
16 16
17 17
18 18
19 19
20 20
21 21
22 22
23 23
24 24
25 25
26 26
27 27
28 28
29 29
30 30
31 31
32 32
33 33
34 34
35 35
36 37
37 38
38 40
39 41
40 42
41 43
42 45
43 46
44 47
45 48
46 49
47 50
48 51
49 52
50 53
51 54
52 55
53 56
54 58
55 59
56 60
57 61
58 62
59 63
60 64
61 65
62 67
63 68
64 69
65 70
66 71
67 72
68 73
69 74
70 75
71 76
72 78
73 79
74 80
75 81
76 82
77 83
78 84
79 85
80 86
81 87
82 88
83 89
84 90
85 91
86 93
87 94
88 95
89 97
90 98
91 99
92 100
93 102
94 103
95 104
96 105
97 106
98 107
99 108
100 109
101 110
102 111
103 113
104 114
105 115
106 118
107 119
108 120
109 121
110 122
111 123
112 124
113 126
114 127
115 128
116 129
118 132
119 134
120 135
121 141
122 142
123 143
124 144
125 147
126 148
127 149
128 150
129 152
130 153
131 154
132 155
133 157
134 159
135 160
136 161
138 163
139 166
140 170
