0 42
1 14
1 28
1 94
1 100
1 129
1 141
1 147
1 148
1 159
2 5
2 21
2 23
2 33
2 34
2 48
2 59
2 73
2 82
2 93
2 104
3 1
3 21
3 42
3 58
3 59
3 64
3 66
3 69
3 70
3 78
3 79
3 80
3 99
3 111
3 115
3 124
3 132
3 143
4 0
4 14
4 28
4 38
4 53
4 91
4 104
4 119
4 170
5 5
5 14
5 21
5 28
5 35
5 43
5 66
5 74
5 126
6 0
6 5
6 16
6 17
6 26
6 27
6 28
6 34
6 37
6 42
6 51
6 55
6 63
6 64
6 67
6 71
6 75
6 79
6 80
6 87
6 90
6 91
6 94
6 98
6 100
6 103
6 104
6 105
6 106
6 109
6 113
6 118
6 122
6 126
6 128
6 135
6 142
6 143
6 147
6 148
6 157
6 161
6 169
7 0
7 5
7 16
7 17
7 28
7 29
7 37
7 43
7 51
7 90
7 100
7 105
7 128
7 129
7 143
7 147
7 169
8 0
8 1
8 5
8 8
8 9
8 16
8 17
8 24
8 26
8 27
8 32
8 34
8 35
8 37
8 42
8 51
8 55
8 63
8 64
8 67
8 71
8 75
8 79
8 80
8 87
8 90
8 91
8 94
8 98
8 100
8 103
8 104
8 105
8 106
8 109
8 113
8 118
8 122
8 126
8 128
8 129
8 135
8 142
8 143
8 147
8 148
8 157
8 161
9 5
9 17
9 24
9 28
9 29
9 34
9 104
9 129
10 2
10 17
10 37
10 42
10 43
10 56
10 58
10 59
10 64
10 65
10 66
10 69
10 86
10 93
10 97
10 98
10 104
10 111
10 115
10 124
10 143
11 31
11 38
11 104
11 143
12 93
12 111
13 5
13 21
13 37
13 42
13 43
13 47
13 53
13 59
13 78
13 84
13 92
13 98
13 99
13 104
13 110
13 124
13 135
13 141
13 143
13 159
13 161
13 170
14 0
14 16
14 17
14 21
14 26
14 27
14 31
14 37
14 42
14 48
14 49
14 56
14 58
14 59
14 66
14 67
14 70
14 78
14 80
14 81
14 82
14 83
14 84
14 85
14 90
14 93
14 97
14 98
14 100
14 104
14 115
14 123
14 124
14 126
14 128
14 132
14 134
14 135
14 143
14 152
14 159
14 161
14 163
15 26
15 28
15 52
15 75
16 0
16 1
16 2
16 5
16 9
16 17
16 24
16 25
16 27
16 29
16 30
16 31
16 35
16 37
16 43
16 58
16 80
16 83
16 87
16 91
16 99
16 100
16 104
16 105
16 118
16 124
16 126
16 128
16 135
16 142
16 143
16 163
16 169
17 2
17 5
17 21
17 23
17 25
17 28
17 29
17 30
17 31
17 33
17 35
17 37
17 42
17 59
17 65
17 80
17 95
17 100
17 103
17 104
17 122
17 124
17 128
17 129
17 135
17 143
18 104
18 118
19 32
19 42
19 43
19 65
19 84
19 97
19 118
19 143
20 7
20 21
20 42
20 56
20 78
20 82
21 0
21 1
21 24
21 25
21 26
21 27
21 28
21 30
21 35
21 37
21 38
21 43
21 87
21 100
21 104
21 118
21 124
21 128
21 143
21 169
22 0
22 14
22 28
22 35
22 68
23 142
24 24
24 28
24 29
24 31
24 34
24 35
24 37
24 80
24 100
24 104
24 105
24 118
24 124
24 128
24 135
24 140
24 143
24 147
24 159
25 9
25 18
25 29
25 30
25 37
25 38
25 42
25 49
25 52
25 53
25 56
25 58
25 64
25 66
25 67
25 69
25 70
25 72
25 76
25 78
25 79
25 80
25 81
25 83
25 84
25 95
25 97
25 104
25 111
25 115
25 120
25 122
25 124
25 126
25 128
25 132
25 134
25 141
25 143
26 17
26 28
27 7
27 9
27 17
27 26
27 28
27 31
27 37
27 43
27 66
27 72
27 124
27 129
27 143
27 159
28 8
28 12
28 23
28 32
28 34
28 35
28 38
28 42
28 43
28 47
28 48
28 49
28 56
28 58
28 59
28 63
28 65
28 66
28 67
28 69
28 70
28 72
28 78
28 79
28 80
28 81
28 82
28 83
28 84
28 85
28 93
28 95
28 97
28 98
28 104
28 106
28 110
28 111
28 115
28 118
28 120
28 123
28 124
28 132
28 134
28 135
28 141
28 143
28 159
29 0
29 18
29 28
29 30
29 32
29 35
29 37
29 43
29 68
29 90
29 95
29 100
29 104
29 110
29 113
29 128
30 3
30 6
30 9
30 20
30 32
30 35
30 59
30 66
30 68
30 74
30 79
30 80
30 81
30 95
30 97
30 110
30 123
30 128
31 103
31 124
32 9
32 37
32 43
32 52
32 100
32 104
32 105
32 124
32 128
32 129
32 135
32 159
32 169
33 21
33 27
33 43
33 49
33 59
33 78
33 84
33 124
33 132
33 135
33 161
33 170
34 5
34 30
34 76
34 78
34 93
34 111
34 124
34 143
35 0
35 1
35 9
35 18
35 23
35 26
35 31
35 38
35 43
35 46
35 47
35 48
35 52
35 55
35 58
35 59
35 63
35 66
35 67
35 74
35 76
35 78
35 79
35 80
35 84
35 86
35 87
35 91
35 97
35 98
35 99
35 100
35 104
35 106
35 110
35 111
35 118
35 120
35 122
35 123
35 124
35 135
35 143
35 147
35 158
35 161
35 163
35 169
36 68
37 34
37 66
37 76
37 128
37 163
38 0
38 3
38 6
38 8
38 9
38 18
38 23
38 31
38 32
38 40
38 43
38 46
38 59
38 66
38 69
38 74
38 78
38 79
38 84
38 86
38 104
38 111
38 118
38 123
38 124
38 135
38 143
38 161
38 163
38 170
39 124
40 43
40 65
40 78
40 79
40 110
41 0
41 14
41 16
41 18
41 28
41 29
41 37
41 51
41 55
41 63
41 68
41 71
41 72
41 80
41 87
41 104
41 105
41 109
41 113
41 124
41 126
41 128
41 135
41 143
41 150
41 152
41 154
41 157
41 163
41 169
42 1
42 2
42 4
42 5
42 7
42 9
42 16
42 21
42 23
42 26
42 27
42 29
42 30
42 33
42 34
42 35
42 37
42 38
42 40
42 43
42 47
42 49
42 55
42 58
42 59
42 64
42 65
42 66
42 67
42 68
42 69
42 72
42 74
42 76
42 78
42 79
42 80
42 81
42 82
42 86
42 89
42 92
42 95
42 98
42 100
42 104
42 111
42 114
42 118
42 119
42 120
42 123
42 124
42 132
42 134
42 135
42 140
42 143
42 150
42 154
42 155
42 170
43 1
43 2
43 4
43 9
43 15
43 17
43 23
43 24
43 25
43 26
43 30
43 31
43 34
43 37
43 47
43 55
43 58
43 64
43 65
43 66
43 68
43 72
43 74
43 76
43 79
43 80
43 92
43 97
43 98
43 100
43 104
43 106
43 109
43 110
43 111
43 114
43 118
43 119
43 120
43 122
43 123
43 124
43 126
43 128
43 129
43 132
43 135
43 143
43 148
43 163
43 169
43 170
44 68
45 6
45 7
45 8
45 9
45 17
45 24
45 27
45 32
45 35
45 37
45 51
45 55
45 103
45 106
45 112
45 113
45 126
45 128
45 142
45 150
45 154
45 170
47 5
47 6
47 8
47 32
47 66
47 74
47 80
47 91
47 103
48 73
48 81
48 85
49 2
49 3
49 6
49 9
49 20
49 21
49 35
49 38
49 46
49 48
49 59
49 64
49 65
49 66
49 67
49 73
49 81
49 82
49 85
49 95
52 5
52 28
52 43
52 62
52 72
52 90
52 91
52 103
52 119
53 74
53 150
54 15
54 16
54 28
54 119
54 132
55 142
55 154
55 157
56 2
56 18
56 33
56 38
56 48
56 59
56 73
56 79
56 80
56 81
56 83
56 85
57 4
57 6
57 7
57 21
57 33
57 46
57 53
57 72
57 118
57 124
57 126
57 143
58 1
58 6
58 7
58 33
58 66
58 80
59 9
59 12
59 19
59 20
59 21
59 34
59 46
59 48
59 55
59 58
59 64
59 65
59 69
59 70
59 76
59 80
59 82
59 83
59 95
59 115
60 106
60 122
60 132
61 27
61 43
61 86
61 98
61 120
61 134
61 143
61 155
62 30
62 90
63 150
64 7
64 9
64 12
64 20
64 23
64 32
64 34
64 46
64 48
64 56
64 58
64 65
64 66
64 69
64 70
64 73
64 78
64 79
64 80
64 81
64 82
64 85
64 95
64 110
64 123
64 134
64 142
64 143
64 169
64 170
65 21
65 30
65 33
65 35
65 46
65 56
65 58
65 76
65 79
65 80
65 82
65 83
65 104
65 111
65 118
65 120
65 124
65 128
65 134
65 135
65 143
67 63
67 71
67 87
67 107
67 109
67 135
67 158
69 5
69 12
69 21
69 30
69 32
69 34
69 35
69 40
69 63
69 65
69 67
69 72
69 74
69 76
69 79
69 81
69 86
69 92
69 93
69 98
69 104
69 107
69 111
69 115
69 120
69 123
69 124
69 135
69 143
69 161
70 1
70 2
70 10
70 13
70 20
70 33
70 34
70 35
70 46
70 66
70 78
70 80
70 83
70 100
71 150
72 15
72 75
72 89
72 92
72 104
72 126
75 43
76 1
77 1
77 5
77 6
77 7
77 15
77 32
77 72
77 91
77 92
77 98
77 119
77 126
78 2
78 10
78 12
78 59
78 63
78 69
78 72
78 104
78 107
78 124
78 134
78 135
78 143
80 2
80 7
80 10
80 12
80 20
80 21
80 31
80 32
80 33
80 37
80 38
80 46
80 48
80 49
80 66
80 69
80 76
80 79
80 81
80 82
80 83
80 84
80 89
80 93
80 97
80 104
80 111
80 115
80 118
80 123
80 124
80 143
81 35
81 59
81 65
81 73
81 85
84 163
85 46
85 73
86 157
88 6
88 9
88 13
88 18
88 26
88 28
88 29
88 31
88 55
88 59
88 64
88 72
88 78
88 79
88 80
88 82
88 84
88 91
88 94
88 110
88 119
88 132
88 142
89 28
89 47
89 119
91 5
91 15
91 25
91 32
91 43
91 72
91 75
91 76
91 89
91 92
91 98
91 103
91 104
91 126
91 143
93 115
95 10
95 104
96 15
96 52
96 75
96 98
96 119
96 120
96 126
96 143
99 74
100 94
100 100
100 141
100 147
100 148
101 32
101 94
101 159
102 35
102 43
102 47
102 72
102 90
102 91
102 103
102 119
102 126
103 5
103 126
104 31
104 51
104 53
104 67
104 71
104 74
104 76
104 99
104 104
104 107
104 109
104 118
104 124
104 127
104 135
104 143
104 150
104 161
104 163
104 170
105 140
105 169
106 98
106 114
106 119
106 120
106 122
106 155
107 14
107 71
107 144
107 150
108 6
108 7
108 21
108 28
108 43
108 47
108 52
108 104
108 119
108 122
108 128
109 150
110 6
110 7
110 9
110 10
110 21
110 34
110 66
110 68
110 79
110 104
115 30
115 33
115 43
115 79
115 86
116 1
116 55
116 74
116 152
117 35
117 51
117 55
117 113
117 142
117 154
117 157
117 161
121 119
122 114
125 24
125 32
125 124
127 150
128 1
128 9
129 24
129 104
130 6
130 8
130 9
131 150
132 18
132 66
132 74
132 104
133 14
133 16
133 37
133 128
133 143
134 5
135 99
136 29
136 32
137 150
138 24
138 32
139 150
142 1
145 120
146 67
146 106
146 150
146 163
147 147
149 31
150 122
151 14
151 38
151 74
151 104
153 35
153 104
154 112
154 157
156 104
156 150
157 35
157 161
158 144
160 51
160 74
161 28
161 50
161 51
161 55
161 74
161 142
161 152
161 154
161 163
162 126
164 74
164 112
165 35
165 72
166 38
166 150
167 94
168 94
