1 0
1 1
1 6
1 7
1 9
1 17
1 24
1 27
1 29
1 30
1 31
1 32
1 33
1 36
1 41
1 67
1 69
1 92
1 95
1 115
1 120
1 121
1 126
2 6
2 8
2 9
2 12
2 13
2 14
2 20
2 28
2 29
2 35
2 40
2 46
2 53
2 55
2 60
2 61
2 65
2 72
2 74
2 76
2 77
2 95
3 2
3 6
3 8
3 9
3 10
3 13
3 14
3 19
3 20
3 24
3 25
3 28
3 32
3 33
3 34
3 35
3 40
3 43
3 45
3 46
3 50
3 53
3 54
3 55
3 60
3 61
3 65
3 72
3 74
3 75
3 76
3 77
3 86
3 103
3 104
3 106
3 121
3 134
3 136
3 138
4 27
4 41
4 83
4 84
4 94
4 118
4 123
4 132
4 138
4 140
5 4
5 24
5 72
5 107
6 25
6 29
6 32
6 43
6 59
6 107
7 32
7 116
8 7
8 25
8 29
8 43
8 59
8 107
9 7
10 5
10 6
10 7
10 8
10 12
10 13
10 14
10 16
10 23
10 24
10 25
10 26
10 27
10 30
10 32
10 33
10 34
10 38
10 40
10 41
10 52
10 54
10 55
10 60
10 61
10 71
10 76
10 88
10 102
10 103
10 106
10 112
10 118
10 119
10 123
11 23
11 81
11 91
11 118
11 136
11 140
12 3
12 13
12 20
12 30
12 34
12 86
12 88
12 101
13 4
13 6
13 7
13 8
13 9
13 14
13 15
13 16
13 17
13 19
13 20
13 23
13 24
13 25
13 26
13 27
13 28
13 29
13 30
13 31
13 32
13 33
13 35
13 36
13 38
13 40
13 41
13 44
13 46
13 48
13 50
13 52
13 54
13 55
13 60
13 61
13 64
13 65
13 66
13 67
13 69
13 72
13 73
13 74
13 76
13 77
13 79
13 80
13 85
13 86
13 90
13 91
13 94
13 95
13 100
13 101
13 102
13 103
13 106
13 107
13 111
13 112
13 115
13 118
13 119
13 120
13 121
13 122
13 123
13 129
13 131
13 132
13 133
13 134
13 136
13 140
14 6
14 7
14 8
14 9
14 12
14 18
14 19
14 20
14 23
14 24
14 25
14 28
14 29
14 30
14 32
14 33
14 34
14 35
14 36
14 38
14 40
14 43
14 45
14 46
14 47
14 50
14 52
14 53
14 54
14 55
14 60
14 61
14 63
14 64
14 65
14 68
14 69
14 71
14 72
14 73
14 74
14 75
14 76
14 77
14 79
14 86
14 88
14 91
14 95
14 101
14 102
14 105
14 106
14 110
14 111
14 112
14 118
14 119
14 120
14 121
14 140
16 32
16 95
16 96
16 112
16 137
17 24
17 32
17 36
17 50
17 125
18 0
18 26
19 12
19 24
19 27
19 34
19 40
19 54
19 104
20 5
20 6
20 8
20 9
20 23
20 24
20 25
20 27
20 28
20 31
20 32
20 33
20 35
20 40
20 41
20 43
20 46
20 53
20 55
20 60
20 61
20 65
20 69
20 71
20 72
20 74
20 76
20 77
20 88
20 101
20 118
20 119
20 136
21 6
21 7
21 8
21 9
21 29
21 32
22 63
23 138
23 140
24 6
24 7
24 26
24 27
24 32
24 120
24 123
24 133
25 1
25 2
25 5
25 7
25 12
25 19
25 23
25 24
25 26
25 27
25 28
25 31
25 32
25 33
25 34
25 36
25 40
25 46
25 47
25 54
25 55
25 59
25 60
25 61
25 65
25 74
25 77
25 86
25 88
25 92
25 106
25 107
25 110
25 112
25 118
25 119
25 123
25 129
25 136
25 138
26 0
27 29
28 10
28 19
28 30
28 40
28 46
28 55
28 61
28 64
28 73
28 74
28 76
28 77
28 86
28 102
28 105
28 140
30 38
30 63
30 73
30 88
30 101
30 102
30 111
31 0
31 23
31 26
31 78
31 106
31 112
31 118
31 123
31 140
32 26
32 27
32 50
32 96
32 115
32 123
32 140
33 6
33 8
33 9
33 15
33 28
33 29
33 35
33 45
33 46
33 47
33 53
33 55
33 60
33 61
33 72
33 74
33 76
33 118
33 123
34 33
35 6
35 7
35 25
35 27
35 32
35 40
35 60
35 89
35 140
36 0
36 6
36 9
36 24
36 27
36 59
36 115
36 137
37 63
37 78
37 88
37 111
37 112
37 118
38 73
39 0
39 5
39 18
39 31
39 50
39 91
39 92
39 98
39 106
39 118
39 123
39 136
39 140
40 1
40 5
40 6
40 7
40 8
40 12
40 16
40 21
40 23
40 24
40 27
40 29
40 30
40 32
40 33
40 41
40 54
40 60
40 64
40 72
40 95
40 97
40 98
40 106
40 108
40 112
40 119
40 123
41 5
41 6
41 7
41 8
41 17
41 24
41 25
41 27
41 31
41 32
41 67
41 90
41 92
41 97
41 106
41 107
41 108
41 110
41 118
41 123
41 132
41 134
42 24
42 32
42 115
44 6
44 9
44 67
44 84
44 95
44 120
45 43
45 53
45 68
45 75
45 79
46 43
46 60
46 61
46 74
48 50
49 94
49 107
51 15
51 70
53 68
53 75
53 77
53 79
54 23
54 32
54 37
54 60
54 118
55 34
55 53
55 61
55 65
55 74
55 76
56 110
57 107
58 49
60 43
60 74
60 79
61 74
61 76
61 77
61 79
62 81
62 98
62 124
64 30
64 33
64 38
64 55
64 76
64 86
64 105
67 15
67 113
69 48
69 131
71 3
72 35
72 47
72 65
72 136
74 40
75 68
75 79
76 30
76 45
76 46
76 53
76 60
76 73
76 74
76 75
76 77
76 79
76 101
76 102
76 105
77 43
77 45
77 46
77 68
81 98
82 13
82 31
82 68
85 84
86 30
86 105
87 126
92 6
92 7
92 8
92 9
92 15
92 17
92 24
92 26
92 27
92 29
92 32
92 36
92 67
92 85
92 87
92 90
92 94
92 96
92 106
92 107
92 112
92 121
92 125
92 126
92 134
93 4
93 84
94 107
94 132
94 136
94 138
95 66
95 81
95 98
95 100
95 103
95 114
95 120
95 128
99 27
99 29
99 67
99 83
99 95
100 128
102 101
105 30
105 33
105 54
106 123
108 97
109 107
109 138
112 118
114 128
117 138
127 31
127 106
127 140
130 26
130 31
130 112
130 118
130 123
135 103
139 52
