0 98
0 145
0 208
0 386
1 407
2 145
2 208
2 348
2 493
107 2
191 2
419 2
441 2
647 2
223 3
232 3
238 3
287 3
542 3
562 3
596 3
153 4
223 4
232 4
238 4
394 4
450 4
595 4
101 5
153 5
316 5
610 5
134 7
297 7
299 7
362 7
370 7
422 7
523 7
540 7
610 7
616 7
672 7
13 8
69 8
127 8
199 8
214 8
222 8
236 8
296 8
297 8
304 8
327 8
337 8
374 8
402 8
422 8
458 8
464 8
465 8
478 8
497 8
522 8
588 8
603 8
616 8
653 8
658 8
263 9
320 9
356 9
521 9
536 9
616 9
625 9
52 10
73 10
87 10
124 10
125 10
199 10
236 10
263 10
294 10
325 10
345 10
346 10
366 10
369 10
381 10
386 10
436 10
463 10
504 10
520 10
536 10
600 10
640 10
644 10
653 10
8 11
26 11
41 11
44 11
47 11
78 11
110 11
115 11
117 11
161 11
181 11
182 11
187 11
201 11
233 11
247 11
255 11
320 11
342 11
353 11
356 11
366 11
400 11
423 11
436 11
490 11
520 11
599 11
601 11
622 11
625 11
642 11
662 11
543 12
7 13
22 13
25 13
29 13
36 13
45 13
77 13
97 13
110 13
121 13
122 13
137 13
170 13
180 13
213 13
216 13
218 13
229 13
234 13
235 13
259 13
265 13
281 13
290 13
331 13
341 13
354 13
359 13
405 13
420 13
435 13
439 13
454 13
456 13
472 13
490 13
496 13
499 13
507 13
528 13
545 13
551 13
560 13
566 13
572 13
577 13
601 13
615 13
618 13
619 13
620 13
628 13
638 13
674 13
65 14
91 14
101 14
138 14
359 14
514 14
65 15
139 15
359 15
403 15
455 15
621 15
48 18
50 18
54 18
83 18
84 18
143 18
215 18
254 18
261 18
380 18
410 18
415 18
425 18
443 18
506 18
524 18
525 18
544 18
556 18
583 18
584 18
612 18
104 19
527 19
64 21
61 22
64 22
142 23
359 23
484 23
301 24
484 24
101 25
119 25
175 25
30 26
119 26
3 517
51 29
119 29
207 29
484 29
527 29
514 30
119 31
296 31
198 32
453 32
479 32
554 32
7 43
7 75
7 204
12 33
27 33
88 33
310 33
523 33
653 33
9 5
9 7
9 10
9 126
10 61
10 72
10 74
10 83
10 88
10 101
10 111
10 179
10 324
10 365
10 424
10 449
10 474
10 481
10 503
10 515
10 517
10 518
490 35
12 219
12 369
13 64
13 383
14 13
14 45
575 36
15 449
16 515
16 518
17 365
17 366
17 368
17 449
17 517
17 518
18 449
18 517
19 63
21 46
21 48
51 40
163 40
21 151
518 40
578 40
606 40
21 477
22 421
23 83
23 391
23 449
23 494
23 517
23 518
25 365
26 43
26 193
27 46
27 47
27 58
27 151
27 229
27 325
27 349
27 350
27 368
27 383
27 393
27 407
27 442
27 474
27 518
28 171
28 366
29 421
64 41
30 98
107 41
30 115
119 41
191 41
30 164
198 41
30 171
30 192
30 208
30 327
30 348
30 350
30 427
30 493
30 505
647 41
30 513
660 41
30 515
31 5
31 8
31 114
126 43
230 43
359 43
601 43
615 43
654 43
659 43
255 44
27 45
310 45
621 45
51 46
163 46
203 46
306 46
310 46
518 46
523 46
578 46
65 47
138 47
139 47
195 47
403 47
455 47
514 47
553 47
27 48
51 48
101 48
119 48
144 48
148 48
180 48
306 48
310 48
359 48
386 48
403 48
530 48
553 48
595 48
32 520
33 43
33 208
33 332
36 44
36 208
37 188
37 208
38 518
30 49
64 49
102 49
191 49
210 49
399 49
591 49
40 366
40 449
40 474
41 34
124 50
41 121
125 50
41 122
41 156
199 50
250 50
41 199
41 206
41 272
325 50
41 292
345 50
41 293
346 50
41 294
391 50
436 50
463 50
41 336
41 377
41 427
41 498
644 50
41 510
65 51
119 51
359 51
75 52
507 52
43 122
43 294
43 377
44 193
44 518
47 17
48 13
48 174
49 8
49 10
49 46
49 316
49 350
49 407
49 442
50 442
50 519
51 350
52 122
53 365
53 366
53 449
53 474
53 494
53 518
54 366
54 520
55 61
55 74
55 96
55 376
55 424
55 449
55 469
55 515
55 517
55 518
56 17
213 56
229 56
259 56
294 56
366 56
400 56
545 56
558 56
56 437
619 56
630 56
653 56
57 517
58 78
58 193
58 208
490 57
58 363
58 376
58 377
58 413
58 427
619 57
660 57
58 515
58 517
14 58
59 45
59 54
59 63
59 105
144 59
359 59
369 59
399 59
422 59
536 59
614 59
304 60
656 60
308 61
660 61
60 45
60 47
60 184
61 114
61 155
61 192
61 280
61 383
61 416
61 433
61 442
62 186
62 509
62 517
63 113
63 161
63 273
64 232
65 114
65 416
66 303
66 368
66 474
67 157
67 159
67 221
67 299
127 63
304 63
238 64
69 380
610 64
148 65
71 43
71 283
71 518
73 17
65 67
139 67
403 67
455 67
253 68
420 69
426 69
490 69
651 69
484 70
127 71
377 72
660 72
176 73
660 74
615 75
191 77
403 77
647 77
222 78
660 78
27 81
203 81
523 81
10 84
176 84
226 84
401 84
570 84
660 84
79 86
23 87
401 87
23 88
401 88
119 89
328 91
401 91
624 91
75 92
176 92
283 92
660 92
577 94
348 97
669 97
153 98
403 98
514 98
621 98
359 99
124 100
74 121
125 100
74 122
310 100
346 100
74 294
74 421
621 100
653 100
128 101
75 365
75 366
75 449
75 517
75 518
77 111
77 377
548 102
77 413
619 102
638 102
78 197
78 489
79 43
450 103
439 104
440 104
479 104
554 104
81 111
81 429
81 449
81 492
81 496
81 517
81 518
83 131
83 492
84 171
22 105
180 105
10 106
89 17
89 426
91 54
91 98
91 111
138 108
403 108
91 350
91 383
91 407
91 415
91 416
91 418
91 419
91 451
619 108
653 108
94 161
94 427
94 437
94 472
95 171
124 110
182 110
199 110
346 110
490 110
504 110
8 111
153 111
199 111
214 111
222 111
296 111
297 111
346 111
373 111
376 111
442 111
490 111
540 111
619 111
629 111
138 112
346 112
527 112
97 186
97 272
98 17
99 440
100 350
100 517
119 114
145 114
301 114
327 114
445 114
553 114
102 25
102 98
102 233
102 350
103 48
103 346
103 517
104 3
104 4
105 496
105 517
105 518
106 197
191 115
107 164
289 115
107 224
359 115
107 300
107 330
107 348
107 493
107 505
647 115
107 513
108 47
138 116
403 116
514 116
109 122
110 46
111 43
112 54
112 308
112 366
112 517
114 131
114 368
114 449
114 492
116 440
117 193
117 208
117 380
117 389
118 283
118 374
118 440
410 120
119 23
119 24
119 30
119 147
119 192
119 272
119 308
119 350
119 416
119 507
121 17
121 365
121 395
121 512
123 54
123 63
123 111
123 343
123 421
123 423
125 121
124 122
135 121
124 156
124 206
325 121
345 121
124 293
346 121
124 294
436 121
465 121
124 338
504 121
547 121
48 122
125 156
186 122
125 159
199 122
125 174
345 122
125 293
346 122
125 294
374 122
386 122
465 122
125 338
504 122
514 122
619 122
126 46
126 47
127 212
127 272
127 276
127 289
127 337
127 380
128 131
128 171
128 208
128 366
128 449
128 517
128 518
128 520
58 123
77 123
619 123
638 123
129 54
129 449
129 492
130 43
359 125
527 126
132 182
132 492
132 518
127 127
142 127
359 127
471 127
603 127
134 350
134 358
135 122
135 293
137 517
138 155
138 301
138 350
138 416
138 518
139 45
139 407
139 416
140 45
65 129
139 129
403 129
417 129
455 129
140 407
140 416
623 129
653 129
10 131
176 131
215 131
226 131
275 131
360 131
377 131
401 131
440 131
446 131
453 131
479 131
543 131
554 131
660 131
10 132
53 132
252 132
551 132
660 132
506 133
27 134
142 145
142 147
142 308
142 386
10 135
143 104
143 203
143 283
143 310
143 449
143 518
144 355
144 401
145 192
145 208
145 272
145 308
145 350
145 383
145 386
145 415
145 416
145 484
145 507
614 137
27 138
606 138
77 140
216 140
420 140
507 140
359 141
362 141
525 141
48 142
124 142
190 142
198 142
249 142
252 142
253 142
345 142
394 142
504 142
619 142
646 142
27 143
119 143
186 143
490 143
542 143
562 143
630 143
310 144
146 427
147 43
147 518
148 45
148 99
148 232
148 349
148 383
148 433
148 458
198 145
152 283
152 492
153 147
153 350
254 146
410 146
64 147
320 147
625 147
154 171
154 427
154 518
156 208
157 18
157 57
157 102
157 131
157 171
157 368
157 413
157 449
157 512
157 515
157 518
158 234
158 365
160 366
161 206
293 149
619 149
10 151
12 151
51 151
163 193
234 151
331 151
163 316
163 325
455 151
163 350
163 357
518 151
523 151
163 393
163 407
163 484
163 518
166 474
169 13
169 17
169 122
169 452
226 152
275 152
446 152
191 153
287 153
619 153
171 107
174 101
174 474
174 518
175 234
175 496
176 61
176 344
176 365
176 368
176 376
176 449
176 474
176 494
176 515
176 518
177 449
177 517
179 121
180 421
180 517
182 102
182 193
182 197
182 515
183 377
183 518
8 155
87 155
161 155
182 155
323 155
381 155
660 155
48 156
184 156
186 156
247 156
286 156
288 156
541 156
184 8
184 13
186 157
184 159
184 273
184 158
185 157
185 163
296 158
297 158
185 225
298 158
185 226
185 273
540 158
185 408
185 500
653 158
186 34
10 159
286 159
186 221
464 159
186 337
542 159
186 410
188 368
188 449
188 518
10 160
48 160
189 111
190 160
189 161
189 163
198 160
189 171
252 160
189 200
253 160
189 201
189 366
581 160
619 160
189 517
189 518
48 161
247 161
190 197
252 161
190 200
253 161
190 201
190 377
190 378
190 437
619 161
638 161
646 161
190 512
660 161
190 515
190 517
48 162
127 162
199 162
288 162
296 162
297 162
456 162
464 162
465 162
597 162
124 163
297 163
540 163
191 1
48 164
124 164
191 121
286 164
191 221
287 164
191 222
191 348
191 367
504 164
596 164
191 505
647 164
191 513
192 24
192 98
305 165
192 233
192 379
517 165
192 386
193 2
386 168
194 365
194 429
194 449
194 503
194 517
194 518
65 169
195 416
196 121
196 122
196 377
197 140
216 170
197 185
198 34
41 171
198 50
48 171
198 111
176 171
190 171
198 161
245 171
252 171
198 200
253 171
198 201
254 171
257 171
273 171
274 171
275 171
359 171
380 171
453 171
464 171
198 337
465 171
198 338
494 171
198 374
198 377
198 378
513 171
554 171
198 427
198 440
612 171
619 171
646 171
198 512
647 171
198 513
660 171
198 515
198 518
199 100
199 156
199 171
199 191
199 197
199 199
199 223
199 225
199 227
199 273
199 294
199 337
199 338
199 451
199 495
602 172
200 43
200 515
200 518
311 173
331 173
490 173
127 174
199 174
296 174
297 174
458 174
464 174
597 174
603 174
199 175
427 175
647 175
30 176
48 176
541 176
203 40
203 47
203 138
203 325
310 177
205 17
205 43
205 482
205 517
205 518
329 178
206 291
498 178
660 179
207 13
207 46
208 17
208 366
208 518
210 17
210 517
210 518
254 180
612 180
211 518
212 140
213 366
213 421
214 380
215 449
26 182
422 182
259 183
289 183
562 183
645 183
216 43
216 472
619 185
216 492
226 188
218 421
218 518
78 189
255 189
220 294
121 190
265 190
343 190
424 190
221 518
222 60
522 191
222 451
629 191
222 495
224 496
226 61
226 82
226 92
226 106
226 365
226 427
226 449
226 474
226 515
226 517
226 518
227 44
426 192
228 17
230 60
230 310
231 102
231 111
231 171
231 376
231 380
231 425
231 437
231 509
232 114
232 143
232 349
232 416
233 40
233 50
233 199
233 203
233 272
233 380
233 389
233 416
336 193
490 193
234 46
234 47
234 366
234 477
30 195
41 195
107 195
124 195
125 195
184 195
185 195
186 195
191 195
199 195
286 195
287 195
288 195
289 195
296 195
297 195
298 195
299 195
345 195
346 195
394 195
463 195
464 195
504 195
540 195
541 195
542 195
644 195
645 195
647 195
238 29
238 234
238 358
238 442
238 502
239 517
240 13
240 193
10 196
241 74
241 83
241 88
241 324
241 449
241 518
242 13
242 57
242 156
242 211
242 363
242 380
242 421
243 7
243 17
243 412
244 121
244 122
244 389
245 61
245 131
245 376
245 469
245 492
246 294
247 44
41 197
247 50
119 197
125 197
247 122
173 197
247 193
248 197
249 197
247 198
250 197
247 199
247 208
247 272
311 197
247 279
490 197
247 380
247 489
619 197
646 197
247 512
651 197
248 50
248 110
248 199
248 208
248 272
248 279
248 293
248 377
48 198
58 198
249 57
125 198
249 122
182 198
248 198
490 198
249 363
249 375
249 376
249 377
249 378
541 198
249 409
619 198
630 198
646 198
249 512
651 198
250 34
119 199
125 199
250 122
250 206
263 199
250 272
346 199
250 294
427 199
436 199
250 376
619 199
250 498
644 199
250 510
251 492
10 200
252 78
252 111
226 200
253 200
252 201
297 200
252 225
252 377
252 424
619 200
660 200
252 515
252 517
252 518
253 111
253 365
253 427
253 429
619 201
253 517
253 518
254 283
254 440
254 492
256 495
256 518
257 61
257 131
257 449
257 492
257 518
479 203
459 204
518 204
259 11
259 421
48 206
125 206
345 206
436 206
463 206
644 206
260 449
261 10
261 509
263 50
263 234
263 272
263 294
263 510
263 518
346 208
527 208
119 209
490 211
265 17
265 31
266 43
267 101
267 402
267 517
268 13
268 17
268 328
268 505
268 517
269 10
269 13
269 43
269 208
270 46
270 472
270 484
270 496
270 517
270 518
169 212
199 212
296 212
346 212
436 212
478 212
522 212
588 212
658 212
271 131
271 366
271 474
271 518
26 214
255 214
350 214
372 214
601 214
625 214
272 47
272 57
272 73
272 179
272 184
272 186
272 325
272 442
273 57
273 102
273 413
273 515
274 283
274 377
274 449
274 492
274 493
274 515
274 518
275 101
275 310
275 334
275 365
275 368
275 449
275 515
275 517
275 518
277 45
277 301
277 361
527 218
278 229
323 219
336 219
278 369
278 370
278 484
27 220
280 517
283 366
283 518
284 517
285 518
394 221
286 299
286 327
286 350
286 367
48 222
286 222
287 221
289 222
287 224
394 222
287 299
542 222
287 410
562 222
287 456
591 222
596 222
288 7
288 31
48 223
299 223
288 227
288 377
541 223
288 409
596 223
653 223
30 224
289 41
191 224
289 164
289 327
289 456
289 471
645 224
289 511
647 224
289 513
290 517
290 518
291 343
291 429
291 517
293 43
294 121
294 293
294 336
296 41
296 122
296 222
296 223
296 225
296 314
296 337
296 338
296 427
296 451
297 156
186 225
297 159
287 225
297 222
299 225
297 227
297 272
346 225
297 294
465 225
297 338
540 225
297 408
297 500
287 226
298 222
288 226
298 223
299 226
298 227
298 273
362 226
540 226
298 408
541 226
298 409
298 500
653 226
48 227
185 227
299 158
299 273
299 350
541 227
299 409
653 227
56 228
300 56
76 228
318 228
366 228
528 228
545 228
551 228
310 229
301 349
301 433
302 517
304 276
304 380
518 232
305 13
296 233
305 367
305 505
306 114
306 325
306 350
306 407
308 171
308 275
308 365
308 449
308 517
308 518
83 235
176 235
254 235
342 235
622 235
30 236
48 236
119 236
191 236
192 236
517 236
83 237
339 237
440 237
459 237
162 239
619 240
27 241
238 241
520 241
610 241
10 242
21 242
27 242
51 242
83 242
203 242
207 242
310 242
445 242
518 242
523 242
419 243
124 244
129 244
215 244
245 244
247 244
377 244
504 244
527 244
644 244
130 245
554 245
598 245
601 245
615 245
654 245
669 245
83 246
198 246
215 246
226 246
494 246
525 246
554 246
7 247
41 247
124 247
226 247
248 247
255 247
285 247
345 247
373 247
598 247
53 249
328 249
401 249
479 249
525 249
554 249
661 249
674 249
490 250
134 251
275 251
490 251
649 251
663 251
117 252
327 252
401 252
405 252
421 252
479 252
520 252
624 252
667 252
55 253
484 253
660 253
479 254
525 254
554 254
75 255
134 255
166 255
222 255
436 255
442 255
490 255
494 255
616 255
660 255
166 256
453 256
494 256
554 256
7 257
37 257
124 257
125 257
255 257
339 257
559 257
594 257
615 257
654 257
361 258
544 258
631 258
16 259
87 259
120 259
263 259
369 259
395 259
538 259
10 260
188 260
206 260
215 260
226 260
275 260
377 260
401 260
549 260
634 260
660 260
13 261
19 261
39 261
63 261
104 261
109 261
137 261
280 261
331 261
336 261
375 261
476 261
508 261
510 261
521 261
531 261
533 261
563 261
599 261
620 261
479 262
624 262
8 263
17 263
44 263
51 263
64 263
87 263
121 263
134 263
170 263
181 263
193 263
220 263
221 263
236 263
263 263
265 263
310 263
325 263
341 263
369 263
374 263
403 263
405 263
406 263
424 263
435 263
450 263
458 263
470 263
471 263
472 263
488 263
495 263
497 263
498 263
523 263
527 263
536 263
547 263
575 263
600 263
614 263
7 264
125 264
230 264
490 264
504 264
79 266
257 266
594 266
663 266
40 267
119 267
127 267
345 267
490 267
522 267
127 268
360 268
594 268
663 268
253 270
275 270
51 271
65 271
134 271
471 271
523 271
616 271
672 271
309 449
309 492
309 517
232 272
436 272
458 272
490 272
310 13
310 15
310 20
310 370
310 416
310 484
311 44
311 57
311 193
311 275
311 363
311 376
311 380
311 427
311 515
313 344
313 492
287 273
288 273
362 273
426 273
541 273
647 273
315 380
315 442
315 518
316 105
450 274
316 349
484 274
610 274
317 474
317 519
318 186
318 517
318 518
319 518
320 421
267 275
276 275
321 208
27 277
65 277
101 277
527 277
671 277
8 279
242 279
249 279
284 279
353 279
405 279
550 279
566 279
27 280
304 280
311 280
484 280
490 280
453 281
554 281
612 283
83 284
143 284
254 284
410 284
612 284
660 284
185 285
297 285
299 285
541 285
254 287
322 4
323 416
323 492
323 518
324 57
324 111
324 332
324 376
324 427
325 385
326 515
296 289
458 289
30 290
107 290
328 193
328 365
328 389
328 391
328 429
328 449
328 517
328 518
325 291
331 421
331 474
332 17
332 41
332 47
332 49
332 96
332 171
332 201
332 366
332 421
332 449
332 517
333 131
333 518
334 518
335 43
124 292
248 292
250 292
345 292
463 292
504 292
630 292
642 292
644 292
336 13
336 393
339 43
340 171
340 377
340 427
340 515
340 518
342 427
344 43
48 293
179 293
345 156
345 193
247 293
345 197
250 293
345 199
346 293
345 294
436 293
463 293
345 336
464 293
345 337
465 293
345 338
504 293
345 389
345 427
644 293
345 510
346 156
247 294
346 197
296 294
463 294
346 336
465 294
346 338
346 377
346 451
619 294
629 294
346 495
644 294
346 510
653 294
347 369
347 370
347 517
348 44
348 208
348 332
349 171
349 208
350 44
350 193
351 43
351 61
351 366
351 492
352 518
354 17
354 421
355 283
355 492
308 295
356 193
356 421
358 366
359 19
359 20
359 98
359 111
359 234
359 301
359 416
359 474
360 75
360 200
360 449
360 492
360 518
360 519
362 105
362 227
362 366
362 518
363 3
48 297
287 297
363 222
542 297
363 410
364 84
364 365
364 449
364 474
364 515
365 7
365 8
365 11
365 13
365 518
367 193
367 272
367 421
368 272
368 358
368 407
371 51
372 171
372 197
372 363
372 489
373 225
374 105
374 407
374 416
374 452
375 421
376 63
376 294
376 337
376 407
377 61
377 104
377 298
377 449
377 450
377 492
377 496
377 518
7 298
226 298
257 298
319 298
440 298
554 298
632 298
641 298
649 298
379 43
380 440
380 492
380 515
380 517
381 206
381 489
381 510
382 517
383 44
383 193
385 186
386 100
387 43
387 376
387 482
387 492
387 494
387 517
387 518
388 298
391 199
391 206
391 293
391 377
391 510
393 43
393 188
48 299
191 299
394 164
429 299
394 321
394 327
514 299
542 299
394 410
543 299
647 299
394 513
653 299
395 10
395 114
395 131
395 483
398 208
398 377
399 17
399 63
399 171
399 366
399 380
399 517
401 203
401 324
401 365
401 391
401 429
401 449
401 515
401 518
401 520
403 350
403 416
85 302
176 302
401 302
526 302
484 303
83 304
405 234
405 429
405 449
405 517
405 520
406 17
406 52
406 171
406 366
226 306
401 306
479 306
660 306
408 440
409 307
409 517
486 307
30 308
647 308
411 13
411 365
411 366
411 449
459 310
615 310
630 310
663 310
414 171
58 312
233 312
490 312
624 313
417 208
417 518
185 314
297 314
420 496
421 91
421 366
421 391
421 449
421 517
422 407
422 469
423 144
423 449
51 316
139 316
310 316
455 316
27 317
316 317
424 518
426 226
426 227
426 272
426 350
426 416
10 319
58 319
77 319
124 319
189 319
190 319
247 319
273 319
274 319
340 319
453 319
463 319
548 319
581 319
612 319
619 319
638 319
644 319
646 319
651 319
660 319
427 34
427 50
427 115
427 121
427 122
427 136
427 156
427 157
427 158
427 159
427 160
427 161
427 162
427 163
427 164
427 171
427 197
427 200
427 201
427 208
427 221
427 222
427 223
427 224
427 225
427 227
427 293
427 294
427 299
427 314
427 330
427 331
427 336
427 337
427 338
427 408
427 409
427 410
427 456
427 500
427 510
427 511
427 512
427 513
428 193
428 222
428 272
429 33
48 321
198 321
429 171
286 321
429 221
429 327
429 504
107 322
647 322
430 7
430 10
277 323
431 517
432 449
433 449
434 518
436 336
436 380
436 401
436 496
436 498
436 510
437 13
437 402
438 52
438 449
438 517
438 518
439 193
439 421
508 324
440 310
440 361
440 492
441 115
441 145
441 164
441 330
441 331
51 325
48 327
124 327
186 327
220 327
261 327
287 327
296 327
299 327
345 327
463 327
504 327
542 327
644 327
653 327
442 307
442 365
442 517
442 518
443 366
443 474
527 329
27 330
191 330
289 330
653 330
107 331
191 331
444 298
444 310
444 518
7 332
36 332
78 332
227 332
255 332
266 332
372 332
390 332
460 332
481 332
558 332
594 332
601 332
649 332
663 332
669 332
119 333
145 333
445 183
445 222
445 416
445 439
446 355
446 421
446 449
446 518
448 365
448 517
450 114
450 355
450 358
453 17
453 111
453 366
453 377
453 440
453 449
454 517
456 43
456 308
457 208
302 334
347 335
458 11
458 13
458 350
458 366
458 474
459 365
459 492
462 440
463 34
48 336
124 336
463 121
125 336
463 122
463 156
250 336
463 199
464 336
463 337
522 336
644 336
463 510
657 336
463 514
48 337
134 337
288 337
464 223
346 337
464 294
359 337
465 337
464 338
522 337
464 452
597 337
644 337
464 510
41 338
465 50
465 193
249 338
465 198
463 338
465 336
465 451
644 338
465 510
466 437
58 339
216 339
503 339
615 339
619 339
469 197
27 341
470 17
470 366
471 47
471 279
471 416
471 481
471 517
7 344
83 344
254 344
255 344
360 344
153 346
223 346
450 346
595 346
153 347
119 348
192 348
517 348
473 440
474 17
475 517
475 518
476 407
64 350
540 350
478 17
478 47
478 350
478 407
478 451
479 124
479 368
479 429
479 449
479 518
480 518
254 351
324 351
426 351
119 352
299 352
362 352
394 352
403 352
521 352
134 353
176 353
254 353
377 353
490 353
515 353
576 353
10 354
275 354
309 354
401 354
405 354
479 354
624 354
481 43
672 355
277 356
310 356
199 357
247 357
249 357
296 357
458 357
603 357
653 357
69 358
610 358
238 359
483 131
483 380
484 114
484 349
484 383
484 416
485 492
486 517
486 518
487 110
487 111
487 201
487 234
487 517
488 46
488 234
488 383
488 449
208 361
309 361
446 361
456 361
624 361
401 362
479 362
490 363
490 380
490 423
490 427
336 363
436 363
491 518
40 365
545 365
575 365
634 365
81 366
284 366
545 366
492 449
493 63
493 104
493 283
493 440
493 478
494 374
494 382
494 474
494 515
494 518
495 272
495 515
497 14
497 54
497 365
497 407
498 13
498 365
498 515
498 518
499 234
499 496
499 517
501 61
501 275
10 367
48 367
186 367
287 367
289 367
647 367
502 105
502 193
502 440
153 369
310 369
359 369
621 369
624 369
653 369
12 370
503 11
503 193
503 427
490 371
504 159
504 366
505 276
505 441
505 449
583 374
189 375
190 375
198 375
247 375
253 375
646 375
106 376
124 376
190 376
198 376
253 376
288 376
346 376
554 376
646 376
124 377
125 377
199 377
247 377
250 377
297 377
308 377
542 377
646 377
41 378
119 378
252 378
345 378
359 378
646 378
657 378
660 378
506 440
506 449
506 517
142 379
517 379
507 380
507 435
507 517
134 380
368 380
450 380
484 380
588 380
27 381
51 381
163 381
207 381
310 381
508 517
508 518
83 382
510 13
510 17
511 263
511 448
511 449
511 518
512 421
513 440
515 517
515 518
516 366
516 518
517 24
517 25
517 98
517 505
518 48
518 325
518 477
101 383
238 383
301 383
520 383
537 383
660 383
675 383
519 208
520 380
521 10
521 122
522 225
522 338
522 380
522 442
522 451
135 385
236 385
263 385
369 385
378 385
497 385
538 385
527 386
523 13
523 114
523 350
523 407
10 388
22 388
327 388
328 388
579 388
579 389
10 390
22 390
327 390
328 390
579 390
624 391
660 391
321 392
442 392
486 392
568 392
78 394
247 394
122 395
602 395
524 350
524 366
524 517
525 17
525 35
525 131
525 171
525 366
525 440
525 449
525 474
525 496
526 54
526 161
526 201
526 449
526 474
526 515
526 517
526 518
134 396
403 398
215 399
257 399
360 399
554 399
527 3
527 7
527 383
527 416
528 363
529 25
530 400
530 18
530 355
530 401
530 416
530 518
247 401
589 401
531 101
531 449
316 403
450 403
88 404
226 404
532 492
533 407
534 517
534 518
535 47
536 8
536 193
19 407
51 407
134 407
153 407
386 407
458 407
495 407
603 407
653 407
537 365
537 449
537 517
537 518
538 131
538 365
539 110
539 140
539 149
539 425
48 408
155 408
287 408
540 222
417 408
540 327
603 408
540 500
653 408
540 518
184 409
541 157
186 409
541 159
191 409
541 164
287 409
541 222
541 407
653 409
542 5
48 410
542 114
286 410
542 221
542 272
542 308
542 421
562 410
543 43
543 75
543 449
543 518
543 519
10 411
252 411
660 411
544 515
545 474
547 110
547 223
548 161
548 377
548 427
548 435
548 437
549 178
549 368
549 449
549 483
549 517
549 518
550 363
261 413
274 413
340 413
453 413
548 413
581 413
612 413
619 413
638 413
646 413
651 413
660 413
551 421
326 414
65 415
108 415
138 415
403 415
27 416
301 416
455 416
553 416
145 417
310 417
514 417
621 417
552 354
552 365
552 429
552 449
552 474
27 419
65 419
403 419
455 419
97 421
224 421
229 421
282 421
359 421
400 421
490 421
496 421
545 421
566 421
618 421
628 421
630 421
636 421
662 421
61 422
65 422
553 155
553 507
554 17
554 61
554 181
554 368
554 449
554 492
555 310
27 423
556 174
556 440
253 424
121 425
162 425
198 425
293 425
619 425
646 425
247 426
249 426
255 426
125 427
504 427
619 427
644 427
647 427
557 84
557 366
557 374
557 474
558 111
558 365
558 366
558 437
64 428
421 429
624 429
479 430
559 43
83 431
410 431
560 234
563 407
563 518
564 131
564 171
564 365
564 449
565 365
565 518
568 515
568 518
27 433
51 433
359 433
484 433
523 433
674 433
142 434
232 434
346 434
441 434
645 434
647 434
653 434
75 435
77 435
136 435
162 435
293 435
350 435
494 435
539 435
558 435
624 435
638 435
570 143
570 427
543 436
129 438
446 438
494 438
562 439
673 440
573 17
403 442
422 442
490 442
504 442
575 52
576 193
10 444
507 444
589 444
27 445
403 445
527 445
671 445
124 448
125 448
198 448
326 448
373 448
453 448
624 449
667 449
176 450
440 450
492 450
634 450
667 450
464 451
127 452
180 452
235 452
259 452
490 452
522 452
625 452
304 453
579 380
579 442
579 502
580 449
580 518
581 200
581 201
581 377
581 424
581 515
581 517
581 518
584 366
585 263
586 44
647 456
588 10
588 29
588 383
144 459
401 459
446 459
589 204
589 518
192 461
514 461
508 464
590 374
668 466
401 467
591 200
591 366
591 421
591 472
591 518
138 468
403 468
455 468
490 468
495 468
621 468
660 469
27 470
592 368
592 478
48 471
287 471
10 472
326 473
405 473
619 473
112 474
366 474
575 474
661 474
674 474
253 475
594 43
594 54
594 84
594 344
594 517
138 476
403 476
595 30
595 31
596 4
598 17
598 518
599 197
600 100
600 121
600 234
600 370
600 477
600 496
601 60
601 489
602 110
602 412
602 496
603 46
603 225
603 500
604 234
604 474
604 517
604 518
605 263
605 407
306 477
245 478
446 478
479 478
543 478
608 171
610 355
610 380
610 383
612 57
612 102
612 382
612 440
612 515
612 518
663 481
403 482
490 482
275 483
401 483
538 483
12 484
27 484
521 484
523 484
621 484
653 484
613 276
613 459
614 48
614 272
614 447
245 487
554 487
615 518
7 489
255 489
309 489
459 489
359 490
617 515
617 518
618 193
253 491
619 491
619 110
619 140
619 279
619 380
619 437
619 512
101 492
226 492
446 492
119 493
419 493
620 518
621 13
621 14
621 22
621 350
621 370
621 407
621 416
117 494
328 494
490 494
623 449
623 515
623 518
624 517
626 518
627 131
627 517
627 518
628 43
629 10
82 495
103 495
125 495
629 122
464 495
629 337
629 350
629 451
630 43
10 496
27 496
148 496
321 496
411 496
453 496
490 496
127 497
296 497
533 497
345 498
644 498
632 43
632 310
632 517
169 499
436 499
288 500
296 500
299 500
541 500
630 500
653 500
526 503
663 503
48 504
186 504
634 156
634 324
634 366
634 481
634 503
634 518
10 506
27 507
61 507
65 507
127 507
232 507
455 507
588 507
636 186
637 156
637 273
638 43
638 140
638 201
638 380
638 451
638 515
639 294
77 509
253 509
548 509
619 509
660 509
640 4
640 122
640 294
641 489
643 17
643 188
643 201
643 496
643 517
48 510
124 510
644 121
125 510
644 122
644 156
644 272
522 510
644 451
658 510
660 510
644 515
48 511
645 153
645 330
647 511
645 513
646 44
58 512
646 57
646 111
248 512
255 512
646 206
646 427
647 153
647 330
647 505
648 43
648 75
649 43
650 43
650 44
651 44
651 110
651 111
651 193
651 363
651 377
651 380
651 427
652 208
653 111
653 416
653 421
654 106
654 179
654 437
654 469
654 518
655 13
656 110
656 193
656 197
656 363
657 206
345 514
657 293
644 514
657 510
658 442
659 75
75 515
660 101
77 515
660 102
660 104
660 106
189 515
660 160
205 515
261 515
660 271
660 281
377 515
442 515
453 515
456 515
660 334
660 349
660 377
548 515
660 424
565 515
660 437
660 450
594 515
660 491
660 492
651 515
660 517
660 518
660 520
661 91
661 365
661 391
661 449
661 517
661 518
662 272
663 43
663 208
663 327
663 402
663 517
665 43
666 45
666 54
666 186
666 361
484 519
75 520
245 520
554 520
667 518
123 521
668 131
668 343
668 423
668 449
668 518
669 43
101 522
671 349
671 383
672 10
134 523
214 523
672 208
316 523
672 274
450 523
674 11
674 63
674 102
674 111
674 131
674 193
674 350
674 380
674 416
674 421
674 449
674 452
674 515
674 517
674 518
674 519
675 11
675 26
675 40
675 58
