0 142
1 137
1 169
1 180
1 224
1 533
5 342
6 243
6 653
6 674
7 37
7 121
7 126
7 230
7 339
7 348
7 440
7 554
7 615
7 653
7 654
7 669
8 51
8 161
8 381
8 405
8 600
8 602
9 237
10 75
10 128
10 234
10 401
10 508
10 545
10 660
12 278
12 570
12 653
13 27
13 69
13 238
13 610
14 575
15 420
15 653
16 17
16 438
16 660
17 10
17 81
17 188
17 207
17 226
17 320
17 341
17 424
17 442
17 470
17 498
17 511
17 538
17 662
17 674
18 594
18 664
19 127
19 304
19 458
19 514
19 533
19 535
21 51
21 163
21 518
21 578
21 606
22 290
22 500
22 520
22 528
23 401
25 344
26 7
26 8
26 255
26 350
26 372
26 554
26 594
26 601
27 51
27 65
27 163
27 403
27 527
28 198
28 283
28 351
28 456
28 563
28 627
29 281
29 420
30 64
30 107
30 119
30 191
30 198
30 647
30 660
31 27
33 638
33 653
34 134
34 420
36 255
36 350
36 383
36 460
36 490
36 601
37 126
37 615
38 235
38 377
38 653
39 88
39 446
40 10
40 494
41 124
41 125
41 199
41 250
41 325
41 345
41 346
41 391
41 436
41 463
41 644
42 526
43 125
43 346
43 521
43 535
43 599
44 336
45 229
45 257
45 439
45 492
45 528
45 545
47 210
47 213
47 366
47 400
47 528
47 662
48 199
48 296
48 556
48 597
49 110
49 236
49 325
50 254
50 443
51 81
51 523
51 533
51 578
51 595
52 125
52 427
52 436
52 521
52 625
53 661
54 10
54 83
54 245
54 254
54 377
55 660
56 213
56 229
56 259
56 294
56 366
56 400
56 545
56 558
56 619
56 630
56 653
58 490
58 619
58 660
59 144
59 359
59 369
59 399
59 422
59 536
59 614
61 119
61 514
61 533
61 610
62 51
62 290
62 347
62 385
62 636
63 153
63 190
63 356
63 476
63 618
63 620
64 51
64 88
64 234
64 359
64 374
64 458
64 595
65 138
65 139
65 403
65 455
66 484
67 184
67 186
67 286
67 394
69 238
69 610
70 39
70 133
71 7
71 226
71 443
71 453
71 554
72 395
72 538
72 543
73 17
73 51
73 220
73 234
73 243
73 263
73 320
73 438
73 523
73 536
73 575
73 600
74 124
74 125
74 310
74 346
74 621
74 653
75 128
76 294
76 318
76 662
77 548
77 619
77 638
78 161
78 247
78 255
78 601
78 627
79 255
79 266
79 594
79 641
79 643
79 649
80 264
80 415
80 418
81 10
81 73
81 161
81 207
81 239
81 263
81 320
81 377
81 406
81 438
81 591
81 624
82 28
82 199
82 281
82 283
82 351
82 355
82 623
83 7
83 36
83 37
83 79
83 105
83 130
83 143
83 176
83 226
83 227
83 245
83 254
83 255
83 257
83 266
83 275
83 302
83 339
83 344
83 348
83 350
83 360
83 372
83 377
83 390
83 410
83 440
83 460
83 479
83 481
83 543
83 554
83 559
83 594
83 601
83 612
83 615
83 632
83 641
83 643
83 649
83 659
83 663
83 669
84 198
84 422
86 90
86 384
86 519
86 652
87 135
87 207
87 263
87 356
87 436
87 536
87 591
87 625
88 99
88 132
88 200
88 204
88 377
88 459
88 493
88 525
89 204
90 384
90 519
90 582
91 138
91 403
91 619
91 653
93 133
94 190
95 198
96 96
96 133
99 200
99 254
101 237
102 305
103 153
103 330
103 332
103 359
105 302
105 632
105 643
106 247
107 191
107 289
107 359
107 647
108 138
108 403
108 514
109 125
109 514
109 521
109 539
110 17
110 207
110 490
111 284
112 180
112 575
113 83
113 358
114 152
114 323
114 377
114 479
114 584
115 117
115 342
115 356
116 479
116 494
116 513
117 22
117 233
117 381
117 423
117 520
117 624
117 625
118 118
118 254
118 432
119 19
119 65
119 145
119 533
119 570
120 87
120 263
120 314
120 326
121 122
121 265
121 325
121 602
121 619
121 646
122 290
122 354
122 405
122 653
123 123
123 304
124 125
124 135
124 325
124 345
124 346
124 436
124 465
124 504
124 547
125 48
125 186
125 199
125 345
125 346
125 374
125 386
125 465
125 504
125 514
125 619
126 638
127 296
127 304
127 426
127 458
127 464
127 522
127 588
128 198
129 81
129 215
129 444
129 575
130 266
130 344
130 348
130 372
130 456
130 559
130 615
131 257
131 461
132 338
133 85
133 494
134 527
135 49
135 51
135 125
135 345
135 376
135 547
137 375
138 232
138 403
138 455
139 139
139 403
139 417
139 455
139 623
139 653
140 65
140 139
140 403
140 417
140 455
140 623
140 653
141 391
141 653
143 215
143 235
143 245
143 254
143 380
143 410
143 420
143 443
143 479
143 506
143 555
144 101
144 416
145 153
145 533
150 150
150 509
152 254
152 377
152 543
153 595
153 621
154 198
154 254
155 473
155 516
156 405
157 58
157 77
157 198
157 261
157 273
157 453
157 548
157 581
157 612
157 646
157 651
157 660
158 254
159 254
160 16
160 17
160 207
160 239
160 395
161 17
161 26
161 121
161 320
161 325
161 356
161 381
161 438
161 600
162 293
162 619
163 10
163 12
163 51
163 234
163 331
163 455
163 518
163 523
165 83
166 359
166 494
166 524
166 656
166 674
167 355
168 129
168 215
168 254
168 516
169 43
169 125
169 224
169 436
169 476
169 508
169 521
169 522
169 563
171 86
171 171
171 473
171 516
173 88
173 200
173 513
173 608
174 10
174 75
174 254
174 653
175 144
175 386
175 468
175 618
175 621
175 653
176 226
176 275
176 377
176 401
176 543
176 554
176 615
176 660
177 210
177 228
177 508
178 17
178 160
178 470
179 124
180 28
180 122
180 234
180 235
180 354
180 399
180 449
180 456
180 591
180 628
181 325
181 378
181 614
182 8
182 77
182 247
182 320
182 356
182 372
182 405
182 406
182 490
182 601
182 638
182 651
182 660
183 492
183 593
184 186
185 184
185 296
185 297
185 298
185 540
185 653
186 10
186 286
186 464
186 542
187 640
188 254
188 355
188 498
188 532
188 549
188 554
188 634
189 10
189 48
189 190
189 198
189 252
189 253
189 581
189 619
190 48
190 247
190 252
190 253
190 619
190 638
190 646
190 660
191 48
191 124
191 286
191 287
191 504
191 596
191 647
192 305
192 517
193 386
195 65
196 124
196 125
196 135
196 376
197 216
198 41
198 48
198 176
198 190
198 245
198 252
198 253
198 254
198 257
198 273
198 274
198 275
198 359
198 380
198 453
198 464
198 465
198 494
198 513
198 554
198 612
198 619
198 646
198 647
198 660
199 74
199 76
199 198
199 220
199 222
199 247
199 248
199 250
199 288
199 294
199 296
199 297
199 299
199 346
199 464
199 465
199 522
199 629
199 653
200 10
200 17
200 254
200 257
200 325
200 360
200 377
200 412
200 442
200 485
200 494
200 543
200 653
200 660
201 51
201 64
201 112
201 115
201 320
201 359
201 381
201 399
201 523
203 21
203 27
204 513
205 210
205 235
205 333
205 347
205 508
205 653
206 329
206 498
208 54
208 199
208 208
208 215
208 359
208 399
208 554
208 624
210 144
210 175
210 259
210 270
210 318
210 347
210 531
210 591
211 113
211 358
213 144
213 229
213 366
213 545
213 551
213 618
213 619
213 653
213 662
214 402
214 616
215 27
215 39
215 444
215 479
215 494
215 525
215 526
216 619
218 213
218 366
218 400
218 439
218 496
218 551
218 662
219 377
220 51
220 346
221 121
221 265
221 343
221 424
222 522
222 629
224 508
224 625
224 642
226 7
226 10
226 255
226 275
226 302
226 377
226 401
226 440
226 594
226 660
226 663
227 7
227 78
227 302
227 339
227 348
227 390
227 460
227 481
228 122
228 234
228 235
228 399
228 560
229 439
229 551
229 630
229 662
230 37
230 615
231 77
231 198
231 619
231 638
232 153
232 359
232 484
233 10
233 21
233 41
233 250
233 320
233 366
233 423
233 495
233 507
233 578
233 625
234 112
234 235
234 310
234 320
234 333
234 367
234 403
234 471
234 487
234 490
234 507
234 523
234 545
234 560
234 575
234 578
234 636
234 675
235 87
235 153
235 290
235 310
235 333
235 420
235 449
235 478
235 618
235 653
236 17
236 51
236 64
236 119
236 239
236 325
236 369
236 497
236 525
236 527
236 536
236 584
236 614
236 639
238 27
238 238
238 450
238 610
239 51
239 220
239 263
239 438
239 653
240 117
240 320
240 342
241 10
242 58
242 120
242 386
243 290
243 354
243 550
244 64
244 124
244 125
244 359
244 386
244 504
244 628
245 68
245 176
245 254
245 257
245 360
245 372
245 479
245 525
245 543
245 554
245 594
246 346
247 41
247 119
247 125
247 173
247 248
247 249
247 250
247 311
247 490
247 619
247 646
247 651
248 41
248 119
248 250
248 345
249 48
249 58
249 125
249 182
249 248
249 490
249 541
249 619
249 630
249 646
249 651
250 119
250 125
250 263
250 346
250 427
250 436
250 619
250 644
252 10
252 226
252 253
252 297
252 619
252 660
253 619
254 79
254 359
254 360
254 380
254 410
254 443
254 506
254 583
254 612
255 7
255 372
255 594
255 601
256 154
256 479
256 629
257 226
257 227
257 254
257 302
257 360
257 440
257 543
257 554
259 22
259 218
259 224
259 331
259 375
259 439
259 528
259 545
259 551
259 566
259 618
259 653
260 492
261 83
261 612
262 128
263 17
263 41
263 51
263 119
263 248
263 320
263 325
263 346
263 381
263 423
263 436
263 439
263 523
263 536
263 625
263 644
264 415
264 418
266 7
266 254
266 255
266 339
266 456
266 594
266 649
266 663
267 75
267 499
267 594
268 114
268 137
268 318
268 528
268 545
268 628
269 284
270 10
270 310
270 347
270 575
271 83
272 27
272 58
272 403
273 58
273 77
273 106
273 176
273 261
273 274
273 340
273 377
273 453
273 548
273 581
273 612
273 638
273 651
273 660
274 340
274 453
274 543
274 612
274 660
275 10
275 75
275 245
275 302
275 309
275 401
275 615
275 660
275 663
275 674
276 236
278 323
278 336
279 459
279 543
279 626
280 318
280 508
280 510
280 620
281 653
282 121
282 205
282 243
282 377
282 420
282 442
282 449
282 459
282 636
283 355
283 420
284 302
284 404
284 663
285 33
285 84
285 292
285 456
285 650
286 394
287 48
287 286
287 289
287 394
287 542
287 562
287 591
287 596
288 48
288 299
288 541
288 596
288 653
289 30
289 191
289 645
289 647
290 76
290 121
290 205
290 281
290 354
290 420
290 594
290 653
291 476
291 508
294 124
294 345
294 463
294 653
296 30
296 125
296 166
296 287
296 288
296 297
296 458
296 464
296 465
296 522
296 556
296 597
296 603
297 186
297 287
297 299
297 346
297 465
297 540
298 287
298 288
298 299
298 362
298 540
298 541
298 653
299 48
299 185
299 541
299 653
300 56
300 76
300 318
300 366
300 528
300 545
300 551
301 359
301 484
302 122
302 176
302 377
302 594
302 632
302 643
302 663
303 54
304 134
304 169
305 296
306 51
306 521
306 523
306 653
308 198
308 275
309 401
309 446
309 663
310 153
310 386
310 621
310 625
310 653
311 58
311 296
311 331
311 490
311 660
312 229
312 476
312 545
312 551
313 254
314 44
314 325
314 472
316 450
316 484
316 610
318 366
318 439
318 500
318 508
318 528
318 545
318 591
318 642
318 662
319 377
320 160
320 325
320 356
320 381
320 438
320 536
321 442
321 543
323 392
323 449
323 513
323 602
323 604
324 58
324 490
324 601
324 625
324 641
324 653
325 8
325 51
325 73
325 359
325 369
325 378
325 381
325 497
325 536
325 547
325 625
326 660
328 10
328 504
328 624
329 325
331 137
332 10
332 30
332 198
332 253
332 310
333 88
333 449
333 604
334 567
335 122
335 594
336 10
336 476
336 490
336 533
336 624
336 625
337 373
338 415
338 491
339 36
339 348
339 481
340 198
340 360
340 453
340 660
341 325
341 472
343 10
343 424
344 7
344 559
344 594
344 641
344 659
345 48
345 179
345 247
345 250
345 346
345 436
345 463
345 464
345 465
345 504
345 644
346 247
346 296
346 463
346 465
346 619
346 629
346 644
346 653
347 228
347 281
347 310
347 399
347 449
347 565
347 591
347 636
348 36
348 350
348 390
348 460
348 601
348 641
348 669
349 198
350 255
350 372
350 601
351 10
351 283
351 554
352 351
353 33
353 598
354 161
354 381
354 407
354 456
354 558
354 566
354 630
354 653
355 245
355 254
355 296
355 543
356 381
356 405
356 600
356 625
358 10
358 245
358 257
358 334
359 65
359 101
359 169
359 237
359 442
359 458
359 476
359 484
359 514
359 592
359 601
360 51
360 215
360 252
360 275
360 302
360 321
360 359
360 372
360 377
360 459
360 543
360 554
360 594
360 601
360 612
360 663
362 259
362 296
362 299
362 448
362 456
362 490
362 528
362 625
362 653
363 48
363 287
363 542
364 10
364 557
364 660
364 674
365 366
365 400
366 325
366 439
366 551
366 653
366 662
367 8
367 121
367 229
367 306
367 310
367 312
367 438
367 439
367 470
367 490
367 545
367 601
367 662
368 458
369 51
369 114
369 484
369 523
369 614
372 78
372 198
372 247
372 254
372 257
372 383
372 490
372 554
372 601
373 134
373 297
374 458
374 600
375 521
375 599
376 199
376 207
376 220
376 346
376 464
376 523
376 529
376 614
376 653
377 7
377 78
377 215
377 255
377 275
377 440
377 444
377 459
377 483
377 492
377 543
377 594
377 643
377 649
379 554
380 660
381 26
381 51
381 405
381 523
381 536
381 547
381 595
381 600
381 601
381 625
381 644
383 255
383 350
383 601
384 509
384 519
384 582
385 121
385 565
385 636
386 74
386 210
386 236
386 243
386 591
386 653
387 105
387 176
387 255
387 257
387 594
387 615
387 632
387 663
388 459
389 48
389 556
390 641
391 135
391 248
391 250
391 281
391 345
391 436
391 644
393 255
393 390
393 648
394 48
394 191
394 429
394 514
394 542
394 543
394 647
394 653
395 10
395 16
395 17
395 81
395 172
395 188
395 207
395 239
395 362
395 511
395 538
395 549
396 201
396 255
396 627
399 153
399 161
399 198
399 420
399 449
399 456
399 478
399 558
399 565
399 618
399 628
400 366
400 439
400 490
400 662
401 421
401 446
401 624
401 660
402 127
403 238
403 455
403 562
405 51
405 129
405 215
405 320
405 401
405 421
405 446
405 471
405 624
406 17
406 66
406 198
406 411
406 498
406 523
406 578
407 491
408 83
408 281
408 493
409 321
409 442
409 486
409 574
410 410
411 470
412 333
412 493
412 565
413 380
414 198
414 274
415 254
416 523
417 28
417 441
417 623
419 440
420 347
420 442
420 449
420 459
420 490
420 625
420 653
421 624
422 476
422 495
422 575
422 619
423 110
423 207
423 325
423 538
423 621
423 625
424 81
424 188
424 265
424 377
424 425
424 454
424 498
424 549
425 544
426 119
426 298
426 299
426 436
426 490
427 30
427 41
427 107
427 124
427 125
427 184
427 185
427 186
427 189
427 190
427 191
427 198
427 199
427 247
427 248
427 249
427 252
427 253
427 286
427 287
427 288
427 289
427 296
427 297
427 298
427 299
427 345
427 346
427 394
427 426
427 441
427 463
427 464
427 465
427 504
427 540
427 541
427 542
427 619
427 644
427 645
427 646
427 647
428 61
428 127
428 199
428 287
428 296
428 359
428 458
428 490
428 524
428 525
428 526
429 48
429 198
429 286
430 64
430 153
430 621
432 85
432 176
433 245
434 85
434 88
434 480
435 187
436 65
436 127
436 366
436 463
436 504
436 522
436 625
436 644
438 10
438 235
438 420
438 531
438 560
439 490
439 662
440 176
440 275
440 543
441 107
441 191
441 653
442 166
442 459
442 484
442 486
442 494
442 531
442 568
442 674
443 524
443 674
444 485
445 145
445 287
445 301
445 562
446 175
446 446
446 543
446 589
446 624
448 525
448 526
449 243
449 523
450 134
452 377
453 143
453 223
453 245
453 479
453 494
453 548
453 554
453 612
456 499
456 643
458 10
458 366
459 7
459 440
459 444
459 452
459 554
459 555
460 7
460 122
460 339
460 601
460 641
460 669
462 96
462 133
463 48
463 124
463 125
463 250
463 464
463 522
463 644
463 657
464 48
464 134
464 288
464 346
464 359
464 465
464 522
464 597
464 644
465 41
465 249
465 463
465 644
467 207
469 247
470 10
470 325
470 341
470 498
471 10
471 310
471 621
472 325
473 68
473 485
474 48
476 653
477 68
478 122
478 347
478 653
479 401
479 554
479 624
480 432
481 7
481 37
481 266
481 669
482 332
482 653
483 321
483 359
483 525
483 554
485 485
487 153
487 253
487 486
488 527
489 516
490 119
491 96
492 18
492 332
492 543
492 554
492 601
492 664
492 667
493 99
493 200
494 84
494 254
494 410
494 444
494 525
494 612
494 660
495 613
495 660
496 47
496 366
496 490
496 551
497 51
497 234
497 369
497 403
497 523
497 527
497 529
498 226
498 538
498 560
498 660
499 17
499 132
499 499
499 598
501 254
501 360
502 10
502 134
502 490
502 621
504 161
504 186
504 347
504 421
504 618
504 624
505 168
506 83
506 484
507 119
508 513
509 582
510 508
511 470
511 498
511 538
511 584
512 619
513 39
513 81
513 134
513 200
513 359
513 417
513 653
514 64
514 458
515 275
516 494
516 598
518 51
518 523
518 578
519 582
519 609
519 652
521 125
522 297
522 403
522 465
522 658
523 17
523 207
523 310
523 422
523 498
523 529
523 533
523 578
523 600
523 675
524 64
524 359
524 439
524 525
524 662
525 61
525 198
525 254
525 359
525 374
525 479
525 514
525 525
525 526
525 592
525 595
526 10
526 61
526 190
526 226
526 253
526 619
526 660
526 674
528 242
528 490
528 653
528 662
529 51
529 207
529 533
530 144
530 399
530 446
531 17
531 75
531 153
531 237
531 420
531 478
531 523
531 636
532 254
532 360
532 554
533 422
533 476
533 514
534 76
534 558
534 636
536 51
536 52
536 64
536 161
536 523
536 595
536 600
538 188
538 325
538 549
539 162
539 242
539 293
539 619
540 48
540 155
540 287
540 417
540 603
540 653
541 184
541 186
541 191
541 287
541 653
542 48
542 286
542 562
543 226
543 254
543 554
543 653
544 226
544 459
544 494
544 532
544 660
545 347
545 405
545 449
545 528
545 575
545 591
545 653
546 134
546 373
547 236
547 288
547 536
548 190
548 619
548 638
549 17
549 176
549 206
549 275
549 377
549 511
549 591
549 634
551 439
551 545
551 662
552 17
552 101
552 674
553 61
553 65
554 40
554 205
554 226
554 254
554 275
554 302
554 377
554 641
555 83
555 254
555 334
555 494
555 554
556 524
556 525
556 612
557 226
557 526
557 674
558 290
558 392
558 591
559 79
559 598
559 615
560 281
560 320
560 357
560 359
560 406
560 458
560 523
560 578
560 653
561 29
562 153
562 630
563 17
563 39
563 508
563 575
563 627
564 198
564 456
564 479
564 554
564 624
565 112
565 153
565 210
565 449
565 536
565 591
566 320
566 653
567 68
567 477
568 486
568 660
570 28
570 83
570 562
571 254
572 490
573 98
573 245
573 283
573 355
573 653
574 321
574 486
575 28
575 121
575 325
575 406
575 536
575 663
576 8
577 129
578 336
580 173
580 228
581 252
581 253
581 660
584 17
585 121
586 7
588 296
589 7
589 26
589 144
589 405
589 624
591 88
591 103
591 153
591 252
591 476
591 596
591 636
591 653
592 48
592 166
592 254
592 255
592 442
592 483
592 494
592 524
593 101
594 7
594 33
594 460
594 481
594 601
594 643
594 649
594 663
595 347
595 359
595 514
596 48
597 127
597 199
597 374
597 653
598 25
598 284
598 302
599 247
599 255
599 642
600 51
600 74
600 124
600 547
601 7
601 105
601 180
601 254
601 282
601 310
601 325
601 356
601 663
602 161
602 356
602 405
602 550
603 127
603 199
603 297
603 405
603 458
603 525
603 653
604 122
604 160
604 180
604 205
604 228
604 347
604 399
604 438
604 478
604 499
604 591
606 518
607 83
607 118
607 334
607 473
608 198
610 180
612 58
612 77
612 340
612 410
612 548
612 581
612 638
612 651
612 660
613 653
614 180
614 497
615 126
615 339
615 403
615 456
615 654
615 669
617 660
618 122
618 490
618 575
618 620
618 625
618 630
618 653
619 48
619 326
619 456
619 638
619 646
620 137
620 510
620 521
621 359
621 403
621 455
622 342
622 514
622 520
623 28
623 226
623 558
623 653
623 660
625 359
625 621
625 653
626 226
626 360
626 543
626 554
627 634
628 210
628 333
629 82
629 103
629 125
629 464
630 456
632 26
632 79
632 177
632 226
632 284
632 490
632 598
632 643
632 649
632 663
633 155
634 10
634 377
636 210
637 48
638 253
638 660
639 199
639 341
639 346
639 369
640 51
640 125
640 346
640 536
641 36
641 266
642 19
642 141
642 386
642 422
642 653
643 7
643 36
643 226
643 253
643 255
643 615
643 649
643 663
644 48
644 124
644 125
644 522
644 658
644 660
645 48
645 647
646 58
646 248
646 255
648 630
649 559
650 33
650 456
650 594
650 619
651 311
651 490
651 656
654 37
654 403
654 456
654 490
654 653
654 669
655 17
655 120
655 121
655 314
655 325
655 341
655 454
655 472
655 499
656 48
656 247
657 345
657 644
658 127
659 37
659 615
660 75
660 77
660 189
660 205
660 261
660 377
660 442
660 453
660 456
660 548
660 565
660 594
660 651
662 22
662 500
663 7
663 37
663 182
663 649
663 669
664 422
665 7
665 372
665 390
666 380
668 123
669 227
671 101
672 134
672 214
672 316
672 450
673 506
674 10
674 73
674 77
674 243
674 372
674 660
674 663
675 21
675 27
675 101
675 359
675 484
675 625
2 2
3 3
4 4
258 258
136 136
11 11
397 397
398 398
146 146
147 147
20 20
148 148
149 149
151 151
24 24
277 277
537 537
670 670
32 32
35 35
164 164
295 295
170 170
46 46
431 431
307 307
437 437
57 57
569 569
315 315
60 60
317 317
447 447
194 194
322 322
451 451
579 579
327 327
457 457
202 202
587 587
590 590
209 209
466 466
212 212
217 217
475 475
92 92
605 605
97 97
225 225
611 611
100 100
631 631
104 104
361 361
635 635
370 370
371 371
503 503
251 251
382 382
