0 145
0 208
0 348
0 493
1 2
1 26
1 114
1 147
1 209
1 343
1 493
2 3
2 4
2 5
2 7
2 8
2 10
2 11
2 13
2 14
2 15
2 17
2 18
2 19
2 20
2 21
2 22
2 23
2 24
2 25
2 26
2 77
2 114
2 115
2 143
2 147
2 153
2 164
2 183
2 367
2 493
2 513
3 1
3 4
3 5
3 7
3 8
3 10
3 11
3 13
3 14
3 15
3 17
3 18
3 19
3 20
3 21
3 22
3 23
3 24
3 25
3 26
3 222
3 358
3 410
3 439
3 471
4 5
4 114
4 272
4 299
4 327
4 358
5 7
5 63
5 105
5 147
5 156
5 176
5 273
5 274
5 355
5 380
5 407
6 426
6 518
7 1
7 4
7 8
7 10
7 11
7 13
7 14
7 15
7 17
7 18
7 19
7 20
7 21
7 22
7 23
7 24
7 25
7 26
7 63
7 76
7 114
7 225
7 227
7 273
7 276
7 380
7 407
7 408
7 452
7 500
7 523
8 1
8 4
8 5
8 10
8 11
8 13
8 14
8 15
8 17
8 18
8 19
8 20
8 21
8 22
8 23
8 24
8 25
8 26
8 63
8 64
8 110
8 162
8 191
8 225
8 272
8 337
8 338
8 355
8 380
8 389
8 407
8 451
8 453
8 500
9 474
10 1
10 4
10 5
10 11
10 13
10 14
10 15
10 17
10 18
10 19
10 20
10 21
10 22
10 23
10 24
10 25
10 26
10 110
10 121
10 122
10 206
10 272
10 293
10 294
10 336
10 355
10 380
10 383
10 385
10 401
10 510
11 1
11 4
11 5
11 9
11 13
11 14
11 15
11 17
11 18
11 19
11 20
11 21
11 22
11 23
11 24
11 25
11 26
11 44
11 50
11 193
11 197
11 206
11 279
11 363
11 383
11 389
11 498
12 131
12 449
12 518
12 519
13 1
13 4
13 5
13 14
13 15
13 17
13 18
13 19
13 20
13 21
13 22
13 23
13 24
13 25
13 26
13 43
13 102
13 110
13 111
13 140
13 185
13 211
13 272
13 332
13 363
13 380
13 383
13 401
13 421
13 435
13 452
13 517
14 1
14 4
14 5
14 15
14 17
14 18
14 19
14 20
14 21
14 22
14 23
14 24
14 25
14 26
14 108
14 301
14 393
14 416
15 1
15 4
15 5
15 17
15 18
15 19
15 20
15 21
15 22
15 23
15 24
15 25
15 26
15 51
15 416
17 1
17 4
17 5
17 18
17 19
17 20
17 21
17 22
17 23
17 24
17 25
17 26
17 131
17 366
17 368
17 421
17 427
17 429
17 449
17 474
17 482
17 492
17 496
17 517
17 518
18 146
18 438
18 440
18 496
18 518
19 1
19 4
19 5
19 18
19 20
19 21
19 22
19 23
19 24
19 25
19 26
19 51
19 213
20 1
20 4
20 5
20 18
20 21
20 22
20 23
20 24
20 25
20 26
20 51
20 416
21 1
21 4
21 5
21 18
21 22
21 23
21 24
21 25
21 26
21 51
21 127
21 416
22 1
22 4
22 5
22 18
22 23
22 24
22 25
22 26
22 51
22 114
22 416
23 1
23 4
23 5
23 18
23 24
23 25
23 26
23 51
23 105
23 114
23 192
23 308
23 416
24 1
24 4
24 5
24 18
24 25
24 26
24 51
24 114
24 316
24 461
25 1
25 4
25 5
25 18
25 26
25 29
25 51
25 89
25 98
25 192
25 209
25 343
25 386
25 493
26 4
26 5
26 18
26 41
26 114
26 147
26 407
26 493
26 507
27 131
27 449
27 492
27 518
27 520
28 29
28 350
28 407
29 114
30 1
30 21
30 31
31 1
31 22
31 24
31 25
31 127
31 193
31 428
32 171
32 281
32 449
33 229
33 369
33 370
33 421
33 484
33 518
34 314
35 11
35 60
35 427
35 435
36 13
36 45
37 58
37 65
37 215
37 349
37 458
38 46
38 47
38 194
38 416
39 125
39 183
39 202
39 439
40 46
40 48
40 151
40 477
41 98
41 115
41 164
41 171
41 192
41 208
41 327
41 348
41 350
41 427
41 493
41 505
41 513
41 515
42 440
43 75
43 188
43 310
43 482
44 44
44 111
44 189
44 427
44 489
44 498
45 7
45 21
45 46
45 47
45 51
45 54
45 167
45 210
45 232
45 286
45 350
45 361
45 369
45 416
45 423
46 11
46 13
46 20
46 47
46 81
46 114
46 138
46 151
46 211
46 220
46 232
46 242
46 325
46 349
46 356
46 383
46 407
46 416
46 417
46 477
47 10
47 13
47 15
47 17
47 22
47 54
47 114
47 147
47 155
47 169
47 234
47 280
47 325
47 350
47 393
47 416
47 418
47 419
47 420
47 422
47 496
47 507
48 7
48 11
48 13
48 14
48 15
48 22
48 45
48 46
48 47
48 51
48 54
48 58
48 65
48 81
48 113
48 114
48 126
48 167
48 210
48 234
48 272
48 278
48 280
48 323
48 328
48 349
48 350
48 383
48 393
48 407
48 416
48 417
48 422
48 458
48 484
48 496
48 507
49 2
49 8
49 22
49 26
49 41
49 98
49 164
49 236
49 350
49 415
49 493
50 34
50 121
50 122
50 156
50 199
50 206
50 272
50 292
50 293
50 294
50 336
50 377
50 427
50 498
50 510
51 98
51 114
51 193
51 218
51 350
51 416
52 101
52 131
52 272
52 365
52 366
52 449
52 481
52 517
52 518
54 213
54 234
55 5
55 7
55 105
55 346
55 350
56 17
56 437
57 78
57 193
57 208
57 363
57 376
57 377
57 413
57 427
57 515
57 517
58 36
58 65
58 215
58 349
58 458
59 45
59 54
59 63
59 105
60 63
60 193
60 208
60 279
60 343
60 363
60 380
60 427
61 82
61 275
61 344
61 365
61 440
61 515
61 517
61 518
62 324
62 424
62 460
62 518
63 272
64 380
65 45
65 130
65 177
65 215
65 349
65 458
66 135
66 310
66 517
67 54
67 416
67 442
68 96
68 201
68 424
68 482
68 517
69 73
69 272
69 312
69 363
71 272
71 289
71 497
72 74
72 84
72 92
72 106
72 324
72 365
72 424
72 427
72 460
72 472
72 515
72 517
72 518
73 184
73 424
73 517
73 518
74 84
74 92
74 106
74 179
74 324
74 365
74 515
74 517
74 518
75 204
76 4
76 5
76 8
76 17
76 449
76 517
76 518
77 164
77 367
77 493
77 513
78 191
78 424
78 426
78 427
78 491
78 515
78 517
79 138
80 43
80 61
80 275
80 517
80 518
81 73
81 77
81 232
81 325
81 383
81 384
81 502
81 517
82 93
82 95
82 275
82 344
82 518
83 87
83 88
83 106
83 324
83 365
83 449
83 467
83 518
84 92
84 179
84 280
84 324
84 365
84 449
84 460
84 515
84 517
84 518
85 93
85 95
85 275
85 364
85 518
86 442
87 88
87 365
87 449
87 469
87 482
87 518
88 61
88 324
88 365
88 442
88 449
88 469
88 518
89 11
89 13
89 17
89 29
89 77
89 98
89 114
89 155
89 192
89 272
89 383
89 416
89 433
89 507
90 380
91 106
91 391
91 469
91 494
91 517
92 75
92 101
92 106
92 324
92 365
92 515
92 518
93 95
93 275
93 280
93 364
93 518
94 43
94 344
95 275
95 364
95 518
96 111
96 419
96 469
96 482
96 491
96 506
96 517
98 31
98 208
98 350
99 65
99 232
99 349
99 383
99 423
99 518
100 121
100 122
100 294
100 421
101 365
101 366
101 449
101 517
101 518
102 111
102 377
102 413
103 3
103 383
104 131
104 203
104 334
104 424
104 449
104 503
104 518
105 13
105 176
105 273
105 358
105 407
106 84
106 179
106 324
106 449
106 469
106 472
106 481
106 482
106 517
106 518
107 517
107 518
108 54
108 98
108 111
108 350
108 383
108 407
108 415
108 416
108 418
108 419
108 451
110 121
110 193
110 208
110 279
110 294
111 7
111 34
111 110
111 131
111 140
111 191
111 208
111 225
111 279
111 294
111 363
111 380
111 408
111 427
111 437
111 449
111 451
111 481
111 495
111 517
111 518
112 10
112 19
112 34
112 46
112 47
112 51
112 98
112 111
112 206
112 208
112 294
112 386
112 415
112 493
112 505
113 45
113 58
113 65
113 208
113 278
113 286
113 349
113 356
114 140
114 155
114 183
114 192
114 211
114 234
114 242
114 272
114 349
114 350
114 380
114 416
114 417
114 418
114 422
114 429
114 433
114 439
114 459
114 507
115 164
115 224
115 300
115 330
115 348
115 493
115 505
115 513
116 47
117 5
117 11
117 13
117 26
118 213
118 419
120 146
121 122
121 156
121 206
121 293
121 294
121 338
122 156
122 159
122 174
122 293
122 294
122 338
123 13
123 57
123 102
123 413
124 449
125 143
125 183
125 202
125 439
125 517
126 1
126 2
126 3
126 4
126 7
126 23
126 24
126 26
126 29
126 114
127 3
127 13
127 19
127 25
127 114
127 350
127 379
127 428
128 43
129 45
129 407
129 416
130 215
130 349
131 281
131 334
131 365
131 368
131 449
131 492
131 515
131 517
131 519
131 520
132 200
132 272
132 342
132 350
132 363
132 365
132 366
132 424
132 449
132 491
132 503
132 515
132 517
132 518
132 520
133 440
136 348
136 493
136 505
137 350
138 45
140 102
140 185
140 339
140 363
140 380
140 517
142 17
142 121
142 161
142 171
142 198
142 200
142 201
142 293
142 299
142 512
142 518
143 39
143 114
143 140
143 159
143 183
143 202
143 350
143 380
143 407
143 410
143 416
143 439
143 443
143 484
143 493
143 496
143 517
144 369
144 370
145 25
145 98
145 171
145 208
145 322
145 348
145 386
145 493
146 283
146 431
146 474
147 7
147 8
147 10
147 11
147 13
147 17
147 23
147 54
147 155
147 193
147 421
148 114
150 449
151 193
151 316
151 325
151 350
151 357
151 393
151 407
151 484
151 518
152 131
152 449
152 518
153 3
153 164
153 222
153 333
154 10
154 20
154 114
154 416
155 350
155 416
155 515
156 105
156 157
156 159
156 176
156 197
156 221
156 223
156 272
156 273
156 308
156 367
156 377
156 409
156 500
157 8
157 13
157 159
157 273
158 157
158 163
158 225
158 226
158 273
158 408
158 500
159 34
159 221
159 337
159 410
160 111
160 161
160 163
160 171
160 200
160 201
160 366
160 517
160 518
161 197
161 200
161 201
161 377
161 378
161 437
161 512
161 515
161 517
162 174
162 223
162 225
162 337
162 338
162 442
163 121
163 225
163 408
164 1
164 121
164 221
164 222
164 348
164 367
164 505
164 513
165 24
165 98
165 145
165 233
165 379
165 386
166 260
166 368
166 483
166 485
166 518
167 54
167 405
168 2
169 416
170 140
170 185
171 34
171 50
171 111
171 161
171 200
171 201
171 337
171 338
171 374
171 377
171 378
171 427
171 440
171 512
171 513
171 515
171 518
172 363
173 363
173 427
174 225
174 337
174 500
175 513
176 41
176 273
176 409
177 58
177 349
177 370
177 458
178 291
179 88
179 411
179 424
179 427
179 460
179 515
179 517
179 518
180 131
180 424
180 427
180 460
180 518
181 131
181 208
181 324
181 424
181 427
181 492
182 26
182 27
182 407
182 496
182 502
182 517
183 202
183 224
183 350
183 439
183 474
183 493
183 511
184 46
184 325
185 43
185 472
185 492
186 13
186 17
187 54
188 17
189 193
189 208
189 427
190 518
191 60
191 451
191 495
192 272
192 416
193 192
193 333
193 489
195 41
195 50
195 115
195 121
195 122
195 156
195 157
195 158
195 159
195 162
195 163
195 164
195 221
195 222
195 223
195 224
195 225
195 226
195 227
195 293
195 294
195 299
195 336
195 337
195 408
195 409
195 410
195 456
195 510
195 511
195 513
196 74
196 83
196 88
196 324
196 449
196 518
197 44
197 50
197 122
197 193
197 198
197 199
197 208
197 272
197 279
197 380
197 489
197 512
198 57
198 122
198 363
198 375
198 376
198 377
198 378
198 409
198 512
199 34
199 122
199 206
199 272
199 294
199 376
199 498
199 510
200 78
200 111
200 201
200 225
200 377
200 424
200 515
200 517
200 518
201 111
201 365
201 427
201 429
201 517
201 518
202 439
203 131
203 449
204 43
204 44
204 477
204 489
205 45
205 54
205 210
206 122
206 293
206 336
206 451
206 510
208 46
208 47
208 294
208 386
208 415
208 493
209 114
209 272
210 51
210 232
211 5
211 7
211 11
211 193
211 220
211 242
211 356
211 380
211 417
211 421
212 8
212 10
212 206
212 272
212 276
212 294
212 380
212 451
212 452
212 497
212 498
213 17
213 20
213 21
213 22
213 51
213 208
213 415
213 416
215 349
217 47
217 286
218 114
219 229
219 369
219 370
219 484
220 114
220 184
220 242
220 277
220 325
220 356
220 416
220 417
221 299
221 327
221 350
221 367
222 221
222 224
222 299
222 410
222 456
223 7
223 31
223 227
223 377
223 409
224 41
224 164
224 327
224 456
224 471
224 511
224 513
225 156
225 159
225 222
225 227
225 272
225 294
225 338
225 408
225 500
226 222
226 223
226 227
226 273
226 408
226 409
226 500
227 158
227 273
227 350
227 409
228 56
229 232
229 325
229 369
229 370
229 484
230 231
230 449
231 449
232 383
233 13
233 367
233 505
234 7
234 8
234 232
235 43
235 86
235 131
235 449
235 518
236 1
236 2
236 21
236 22
236 41
236 98
236 114
236 147
236 153
236 164
236 165
236 272
236 346
236 347
236 348
236 350
236 386
236 415
236 434
236 493
236 505
237 298
237 332
237 517
237 518
238 492
238 517
238 518
239 140
239 149
239 240
240 437
241 43
241 113
241 182
241 232
241 277
241 325
241 355
241 358
241 383
241 401
241 429
241 449
242 8
242 11
242 13
242 17
242 40
242 45
242 54
242 81
242 113
242 138
242 184
242 229
242 232
242 325
242 334
242 349
242 350
242 356
242 361
242 380
242 383
242 407
242 416
242 417
242 442
242 449
242 477
242 484
242 507
242 517
242 518
243 54
243 105
243 131
243 363
243 365
243 368
243 449
243 493
243 518
244 121
244 197
244 395
244 493
244 510
244 518
245 43
245 44
245 234
245 517
245 518
246 131
246 171
246 518
247 43
247 44
247 50
247 121
247 131
247 182
247 208
247 279
247 293
247 366
247 440
247 517
247 518
249 12
249 334
249 365
249 449
249 474
249 518
249 519
249 520
250 363
250 442
251 35
251 235
251 237
251 243
251 247
251 257
251 427
251 452
251 496
251 517
252 29
252 43
252 46
252 51
252 88
252 114
252 131
252 140
252 262
252 279
252 333
252 350
252 365
252 380
252 389
252 390
252 391
252 429
252 430
252 449
252 481
252 493
252 517
253 5
253 61
253 72
253 110
253 111
253 358
253 380
253 401
253 424
253 469
253 515
253 517
253 518
254 131
254 449
254 518
255 54
255 101
255 111
255 182
255 191
255 234
255 256
255 365
255 424
255 427
255 437
255 449
255 502
255 515
255 517
255 518
256 13
256 111
256 234
256 437
256 481
256 517
256 518
257 43
257 121
257 122
257 208
257 310
257 518
258 11
258 316
258 478
259 449
259 518
260 18
260 131
260 178
260 365
260 366
260 368
260 449
260 450
260 483
260 485
260 515
260 518
261 3
261 4
261 5
261 8
261 10
261 11
261 13
261 14
261 17
261 24
261 45
261 46
261 114
261 126
261 355
261 356
261 393
261 400
261 401
261 407
261 421
261 517
261 518
262 429
262 449
262 492
262 517
263 1
263 2
263 3
263 7
263 24
263 25
263 46
263 105
263 114
263 143
263 168
263 190
263 234
263 316
263 350
263 385
263 477
263 496
263 507
264 10
264 11
264 35
264 37
264 43
264 45
264 58
264 60
264 111
264 122
264 192
264 251
264 295
264 366
264 380
264 416
264 458
264 476
264 493
265 518
266 43
267 47
267 60
267 84
267 192
267 193
267 206
267 272
267 293
267 324
267 365
267 366
267 416
267 451
267 493
267 517
267 518
268 517
268 518
269 365
269 449
269 517
269 518
269 520
270 78
270 80
270 111
270 201
270 208
270 275
270 365
270 366
270 426
270 427
270 492
270 517
270 518
271 17
271 18
271 45
271 46
271 47
271 63
271 114
271 131
271 208
271 234
271 272
271 276
271 278
271 279
271 326
271 343
271 349
271 355
271 358
271 363
271 368
271 380
271 383
271 400
271 401
271 407
271 416
271 435
271 449
271 457
271 458
271 496
271 517
271 518
271 520
271 523
272 3
272 7
272 346
272 347
272 350
272 363
272 434
272 507
273 77
273 182
273 222
273 223
273 272
273 327
273 363
273 409
273 421
273 471
273 493
273 502
273 507
273 513
274 105
274 349
275 364
275 427
275 517
275 518
276 326
276 441
276 453
277 47
277 522
278 45
278 126
278 323
278 349
278 416
279 198
279 208
279 350
279 412
279 427
280 44
280 54
280 77
280 81
280 83
280 88
280 106
280 143
280 179
280 213
280 349
280 358
280 365
280 367
280 435
280 442
280 449
280 482
280 496
280 502
280 518
281 280
281 449
281 492
282 487
282 518
284 368
284 515
285 158
285 225
285 227
285 409
286 22
286 46
286 54
286 349
286 416
287 309
287 454
287 517
287 518
289 272
289 497
290 1
290 41
290 114
290 115
290 348
290 493
290 505
292 10
292 121
292 199
292 206
292 208
292 293
292 336
292 427
292 498
292 510
293 156
293 193
293 197
293 199
293 294
293 336
293 337
293 338
293 389
293 427
293 510
294 156
294 197
294 336
294 338
294 377
294 451
294 495
294 510
295 13
295 17
295 131
295 275
295 295
295 305
295 365
295 401
295 449
295 481
295 517
295 518
296 440
297 3
297 222
297 410
298 449
299 164
299 321
299 327
299 410
299 513
300 493
301 13
301 17
301 45
301 349
302 131
302 368
302 449
302 518
303 518
304 440
304 442
304 449
304 496
305 182
305 518
306 131
306 365
306 449
306 515
307 111
308 4
308 22
308 41
308 54
308 77
308 155
308 208
308 350
308 513
309 518
310 188
310 365
310 366
310 518
311 326
312 13
312 57
312 193
312 272
312 363
313 449
313 450
314 158
314 225
314 500
314 504
316 21
316 155
317 210
317 274
319 57
319 69
319 102
319 104
319 110
319 111
319 121
319 140
319 160
319 161
319 193
319 197
319 206
319 208
319 283
319 336
319 363
319 395
319 413
319 427
319 435
319 437
319 481
319 510
319 512
319 515
319 517
319 518
321 33
321 171
321 221
321 327
321 504
322 115
322 350
322 493
322 513
323 45
323 54
323 58
323 361
323 458
324 203
324 363
324 368
324 424
324 449
324 481
324 517
324 518
325 15
325 383
326 54
326 420
327 31
327 121
327 159
327 222
327 227
327 293
327 336
327 350
327 410
327 510
328 14
329 114
329 127
329 380
329 416
330 3
330 4
330 164
330 224
330 331
331 115
331 164
332 17
332 43
332 44
332 111
332 182
332 204
332 208
332 394
332 517
332 518
333 4
333 22
333 350
333 416
334 208
334 449
334 518
334 520
335 7
335 13
335 43
335 111
335 140
335 363
336 34
336 121
336 122
336 156
336 199
336 337
336 510
336 514
337 223
337 294
337 338
337 452
337 510
338 50
338 193
338 198
338 336
338 451
338 510
339 57
339 111
339 185
339 380
340 330
340 456
340 471
341 7
341 234
341 242
341 383
341 470
341 496
342 365
342 518
342 520
343 3
343 13
343 17
343 26
343 45
343 46
343 63
343 276
343 280
343 373
343 496
344 43
344 44
344 231
344 283
344 364
344 491
344 492
344 494
344 517
344 518
345 1
345 2
345 3
345 272
345 371
346 98
346 114
346 350
346 407
346 421
347 3
347 4
347 39
347 46
347 47
347 105
347 273
347 350
347 407
347 496
348 54
348 98
348 165
348 505
349 234
349 325
349 380
349 383
349 416
349 433
349 458
349 496
349 517
350 3
350 5
350 7
350 8
350 21
350 22
350 24
350 25
350 31
350 39
350 89
350 105
350 147
350 192
350 273
350 380
350 407
350 408
350 416
350 434
350 493
350 500
350 507
351 11
351 43
351 44
351 72
351 84
351 111
351 131
351 332
351 353
351 363
351 427
351 437
351 469
351 481
351 491
351 492
351 498
352 8
352 43
352 44
352 67
352 74
352 77
352 84
352 89
352 106
352 140
352 143
352 189
352 192
352 193
352 208
352 227
352 271
352 272
352 273
352 299
352 312
352 327
352 350
352 363
352 365
352 380
352 416
352 424
352 427
352 435
352 442
352 449
352 481
352 492
352 498
352 500
352 502
352 506
352 517
352 518
353 44
353 111
353 131
353 344
353 427
353 449
353 451
353 492
353 517
353 518
354 27
354 88
354 91
354 106
354 131
354 252
354 262
354 365
354 368
354 391
354 429
354 449
354 450
354 469
354 482
354 492
354 517
354 518
355 110
355 400
355 401
355 523
356 45
356 114
356 286
356 343
356 349
356 370
356 417
357 11
357 13
357 17
357 61
357 111
357 131
357 147
357 193
357 197
357 198
357 208
357 262
357 272
357 279
357 350
357 363
357 365
357 380
357 389
357 401
357 440
357 449
357 474
357 496
357 506
357 517
357 518
358 29
358 64
358 355
358 380
358 383
358 442
358 493
359 358
361 13
361 17
361 25
361 63
361 276
361 405
361 517
362 131
362 380
362 449
362 517
363 193
363 208
363 279
363 380
363 416
363 427
363 496
364 82
364 518
365 179
365 203
365 272
365 324
365 334
365 366
365 449
365 474
365 481
365 503
365 518
366 131
366 272
366 278
366 421
366 429
366 474
366 481
366 503
366 517
366 518
367 105
367 153
367 159
367 206
367 222
367 224
367 416
367 451
367 493
367 513
368 365
368 449
368 485
368 496
368 502
368 518
369 370
369 484
370 484
371 272
373 45
373 63
373 349
375 160
375 161
375 171
375 197
375 201
375 377
375 378
375 491
375 512
376 121
376 161
376 171
376 201
376 223
376 294
376 350
376 363
376 377
376 378
376 512
376 518
377 121
377 122
377 143
377 197
377 199
377 225
377 350
377 377
377 378
377 410
377 491
377 512
377 517
377 518
378 50
378 200
378 272
378 292
378 293
378 491
378 512
378 514
378 515
379 98
379 145
379 208
379 348
379 386
379 505
380 17
380 29
380 272
380 416
380 429
380 442
380 452
380 474
380 517
381 45
381 114
381 151
381 380
381 517
382 440
382 518
383 4
383 7
383 15
383 22
383 29
383 58
383 111
383 114
383 131
383 350
383 380
383 407
383 427
383 429
383 433
383 449
383 515
383 517
384 46
384 232
384 383
386 98
386 136
386 147
386 192
386 286
386 415
386 416
386 434
387 96
387 474
387 482
387 517
387 518
388 365
388 380
388 389
388 390
388 391
388 449
389 10
389 182
389 272
389 380
389 390
389 518
390 365
390 380
390 390
390 391
390 449
391 389
391 429
391 449
391 469
391 481
391 494
391 515
391 517
391 518
392 110
392 111
393 54
393 208
394 44
394 111
394 197
394 442
395 8
395 17
396 105
396 276
396 366
396 394
396 442
396 474
396 518
397 45
397 54
397 113
397 234
397 278
397 286
397 349
397 416
397 457
397 458
397 502
399 131
399 366
399 449
400 401
401 197
401 208
401 363
401 427
401 496
402 45
402 361
402 424
402 517
402 518
403 29
403 114
403 192
403 274
403 349
403 416
404 518
405 45
405 232
407 4
407 10
407 147
407 380
408 222
408 327
408 500
408 518
409 157
409 159
409 164
409 222
409 407
410 5
410 114
410 221
410 272
410 308
410 421
411 84
411 106
411 200
411 376
411 378
411 424
411 427
411 469
411 515
411 517
411 518
412 363
413 279
413 363
413 512
413 515
414 17
415 54
415 116
415 192
415 286
415 308
415 416
415 419
416 272
416 383
416 393
416 418
416 422
416 507
417 20
417 21
417 416
418 20
418 25
418 26
418 272
418 507
419 393
419 416
420 192
420 393
420 416
421 11
421 186
421 193
421 279
421 363
422 155
422 507
423 316
424 111
424 131
424 201
424 427
424 449
424 518
425 149
425 171
425 512
426 44
426 131
426 140
426 197
426 198
426 363
426 427
426 491
426 517
426 518
427 34
427 77
427 84
427 122
427 131
427 156
427 191
427 193
427 206
427 380
427 449
427 451
427 493
427 502
427 510
427 513
427 518
429 76
429 449
429 517
430 469
431 11
431 17
431 27
431 365
431 435
431 438
431 474
431 517
432 84
432 365
432 449
432 518
433 58
433 416
434 3
434 31
434 34
434 136
434 145
434 183
434 208
434 213
434 216
434 294
434 330
434 331
434 415
434 416
434 493
434 505
434 511
434 513
435 11
435 17
435 43
435 101
435 102
435 149
435 182
435 401
435 427
435 437
435 474
435 517
435 518
436 17
436 517
437 491
437 517
438 131
438 382
438 496
438 518
439 272
439 471
442 10
442 11
442 43
442 45
442 58
442 106
442 114
442 131
442 140
442 143
442 183
442 325
442 350
442 356
442 363
442 407
442 416
442 469
442 482
442 484
442 492
442 496
442 502
442 517
442 518
443 114
443 183
443 349
443 383
443 442
444 61
444 72
444 111
444 365
444 401
444 449
444 481
444 517
445 14
445 15
445 19
445 20
445 46
445 47
445 383
445 416
445 522
447 350
448 4
448 7
448 8
448 13
448 121
448 122
448 162
448 171
449 517
449 518
450 131
450 365
450 449
450 493
450 503
450 518
451 11
451 337
451 363
452 193
452 350
454 517
455 15
455 325
456 471
456 513
457 234
457 278
458 45
458 215
458 442
460 324
460 424
460 449
460 518
460 520
461 47
461 98
461 113
461 165
466 54
466 343
466 373
466 521
467 74
467 88
467 131
467 365
467 449
467 469
467 492
467 520
468 155
468 193
468 301
468 350
468 477
469 68
469 482
469 502
469 506
469 515
469 517
469 518
470 11
470 220
470 229
470 383
471 222
472 324
472 365
472 424
472 449
473 13
474 234
474 279
474 324
474 437
474 449
474 503
474 517
474 518
475 84
475 111
475 201
475 349
475 437
475 482
475 491
475 506
475 517
476 47
476 416
477 232
477 234
478 131
478 449
478 469
480 114
480 183
480 442
481 503
481 517
481 518
482 47
482 67
482 75
482 182
482 193
482 213
482 363
482 437
482 477
482 492
482 496
482 502
482 506
482 517
482 518
483 368
483 449
484 45
484 46
484 47
484 54
484 113
484 144
484 232
484 325
484 477
485 449
486 283
486 492
487 275
487 427
487 449
487 518
488 13
488 113
488 286
488 416
491 140
491 201
491 424
491 492
492 12
492 104
492 449
492 481
492 517
493 4
493 11
493 13
493 22
493 24
493 29
493 114
493 192
493 365
493 416
493 421
494 72
494 106
494 363
494 389
494 449
494 491
494 517
494 518
494 520
495 10
495 122
495 337
495 350
495 451
496 46
496 81
496 183
496 366
496 481
496 492
496 496
496 498
496 502
496 517
496 518
497 272
498 272
498 293
498 510
500 163
500 223
500 227
500 273
500 407
500 409
502 46
502 47
502 131
502 350
502 407
502 416
502 449
502 457
502 517
502 518
503 203
503 272
503 429
503 517
503 518
504 1
504 2
504 3
504 4
504 8
504 10
504 26
504 159
505 23
505 26
505 77
505 113
506 68
506 366
506 387
506 442
506 481
506 503
506 517
507 20
507 22
507 23
507 192
507 380
507 383
509 43
509 102
509 140
509 201
509 380
509 413
509 435
509 451
509 515
510 121
510 122
510 156
510 272
510 451
510 515
511 153
511 330
511 513
512 44
512 57
512 111
512 206
512 427
513 153
513 330
513 505
514 206
514 293
514 510
515 101
515 102
515 104
515 106
515 160
515 271
515 281
515 334
515 349
515 377
515 424
515 437
515 450
515 491
515 492
515 517
515 518
515 520
517 363
517 427
517 518
517 520
518 131
518 208
518 472
518 520
519 27
519 70
519 181
519 449
519 492
519 518
520 101
520 324
520 365
520 366
520 380
520 449
521 131
521 343
521 423
521 449
521 518
522 349
522 383
523 10
523 208
523 274
516 516
134 134
139 139
141 141
398 398
16 16
406 406
288 288
53 53
315 315
318 318
446 446
320 320
462 462
207 207
463 463
464 464
465 465
214 214
479 479
97 97
360 360
490 490
109 109
499 499
372 372
501 501
119 119
248 248
508 508
